"","Df","Deviance","Resid. Df","Resid. Dev"
"NULL",NA,NA,612,119.657422512235
"V1",0,1.4210854715202e-14,612,119.657422512235
"V2",0,0,612,119.657422512235
"V3",0,0,612,119.657422512235
"V4",0,0,612,119.657422512235
"V5",0,0,612,119.657422512235
"V6",0,0,612,119.657422512235
"V7",0,0,612,119.657422512235
"V8",0,0,612,119.657422512235
"V9",0,0,612,119.657422512235
"V10",0,0,612,119.657422512235
"V11",0,0,612,119.657422512235
"V12",1,0.0708212050453483,611,119.58660130719
"V13",0,0,611,119.58660130719
"V14",0,0,611,119.58660130719
"V15",0,0,611,119.58660130719
"V16",0,0,611,119.58660130719
"V17",0,0,611,119.58660130719
"V18",0,0,611,119.58660130719
"V19",0,0,611,119.58660130719
"V20",0,0,611,119.58660130719
"V21",0,0,611,119.58660130719
"V22",0,0,611,119.58660130719
"V23",0,0,611,119.58660130719
"V24",0,0,611,119.58660130719
"V25",0,0,611,119.58660130719
"V26",0,0,611,119.58660130719
"V27",0,0,611,119.58660130719
"V28",0,0,611,119.58660130719
"V29",0,0,611,119.58660130719
"V30",0,0,611,119.58660130719
"V31",0,0,611,119.58660130719
"V32",0,0,611,119.58660130719
"V33",0,0,611,119.58660130719
"V34",0,0,611,119.58660130719
"V35",0,0,611,119.58660130719
"V36",1,0.071053025683824,610,119.515548281506
"V37",1,0.989227916492254,609,118.526320365013
"V38",1,0.159533682619127,608,118.366786682394
"V39",0,0,608,118.366786682394
"V40",0,0,608,118.366786682394
"V41",0,0,608,118.366786682394
"V42",0,0,608,118.366786682394
"V43",0,0,608,118.366786682394
"V44",0,0,608,118.366786682394
"V45",0,0,608,118.366786682394
"V46",0,0,608,118.366786682394
"V47",0,0,608,118.366786682394
"V48",0,0,608,118.366786682394
"V49",0,0,608,118.366786682394
"V50",0,0,608,118.366786682394
"V51",0,0,608,118.366786682394
"V52",0,0,608,118.366786682394
"V53",0,0,608,118.366786682394
"V54",0,0,608,118.366786682394
"V55",0,0,608,118.366786682394
"V56",0,0,608,118.366786682394
"V57",0,0,608,118.366786682394
"V58",0,0,608,118.366786682394
"V59",0,0,608,118.366786682394
"V60",0,0,608,118.366786682394
"V61",1,0.0253036671779512,607,118.341483015216
"V62",0,0,607,118.341483015216
"V63",1,0.427768840591042,606,117.913714174625
"V64",1,0.0766392618914864,605,117.837074912734
"V65",0,0,605,117.837074912734
"V66",0,0,605,117.837074912734
"V67",0,0,605,117.837074912734
"V68",0,0,605,117.837074912734
"V69",0,0,605,117.837074912734
"V70",0,0,605,117.837074912734
"V71",0,0,605,117.837074912734
"V72",0,0,605,117.837074912734
"V73",1,0.148117907828762,604,117.688957004905
"V74",0,0,604,117.688957004905
"V75",0,0,604,117.688957004905
"V76",0,0,604,117.688957004905
"V77",0,0,604,117.688957004905
"V78",0,0,604,117.688957004905
"V79",0,0,604,117.688957004905
"V80",0,0,604,117.688957004905
"V81",0,0,604,117.688957004905
"V82",0,0,604,117.688957004905
"V83",0,0,604,117.688957004905
"V84",0,0,604,117.688957004905
"V85",0,0,604,117.688957004905
"V86",0,0,604,117.688957004905
"V87",0,0,604,117.688957004905
"V88",0,0,604,117.688957004905
"V89",0,0,604,117.688957004905
"V90",0,0,604,117.688957004905
"V91",0,0,604,117.688957004905
"V92",0,0,604,117.688957004905
"V93",0,0,604,117.688957004905
"V94",0,0,604,117.688957004905
"V95",0,0,604,117.688957004905
"V96",0,0,604,117.688957004905
"V97",0,0,604,117.688957004905
"V98",1,0.139521338945542,603,117.54943566596
"V99",0,0,603,117.54943566596
"V100",0,0,603,117.54943566596
"V101",0,0,603,117.54943566596
"V102",0,0,603,117.54943566596
"V103",0,0,603,117.54943566596
"V104",0,0,603,117.54943566596
"V105",0,0,603,117.54943566596
"V106",1,0.0778837614962811,602,117.471551904463
"V107",0,0,602,117.471551904463
"V108",1,0.0781511417889647,601,117.393400762674
"V109",0,0,601,117.393400762674
"V110",0,0,601,117.393400762674
"V111",0,0,601,117.393400762674
"V112",0,0,601,117.393400762674
"V113",0,0,601,117.393400762674
"V114",1,0.0156624352019179,600,117.377738327472
"V115",0,0,600,117.377738327472
"V116",1,0.00215590892614159,599,117.375582418546
"V117",0,0,599,117.375582418546
"V118",0,0,599,117.375582418546
"V119",1,0.0997545906800781,598,117.275827827866
"V120",0,0,598,117.275827827866
"V121",0,0,598,117.275827827866
"V122",0,0,598,117.275827827866
"V123",0,0,598,117.275827827866
"V124",0,0,598,117.275827827866
"V125",0,0,598,117.275827827866
"V126",0,0,598,117.275827827866
"V127",0,0,598,117.275827827866
"V128",0,0,598,117.275827827866
"V129",0,0,598,117.275827827866
"V130",0,0,598,117.275827827866
"V131",0,0,598,117.275827827866
"V132",0,0,598,117.275827827866
"V133",0,0,598,117.275827827866
"V134",0,0,598,117.275827827866
"V135",0,0,598,117.275827827866
"V136",0,0,598,117.275827827866
"V137",0,0,598,117.275827827866
"V138",1,0.383754062107556,597,116.892073765759
"V139",0,0,597,116.892073765759
"V140",1,0.153363837001976,596,116.738709928757
"V141",1,0.24923802696614,595,116.489471901791
"V142",1,0.4283316786765,594,116.061140223114
"V143",1,0.00123690559438216,593,116.05990331752
"V144",0,0,593,116.05990331752
"V145",1,0.846881547541329,592,115.213021769978
"V146",1,0.00762489233571273,591,115.205396877643
"V147",1,0.0769025447820866,590,115.12849433286
"V148",1,0.20570805842523,589,114.922786274435
"V149",0,0,589,114.922786274435
"V150",0,0,589,114.922786274435
"V151",0,0,589,114.922786274435
"V152",0,0,589,114.922786274435
"V153",0,0,589,114.922786274435
"V154",0,0,589,114.922786274435
"V155",0,0,589,114.922786274435
"V156",0,0,589,114.922786274435
"V157",0,0,589,114.922786274435
"V158",0,0,589,114.922786274435
"V159",0,0,589,114.922786274435
"V160",0,0,589,114.922786274435
"V161",1,0.0832964340092843,588,114.839489840426
"V162",0,0,588,114.839489840426
"V163",1,0.0780200080288296,587,114.761469832397
"V164",0,0,587,114.761469832397
"V165",1,0.0777064957677851,586,114.683763336629
"V166",1,0.0505054933126843,585,114.633257843317
"V167",0,0,585,114.633257843317
"V168",1,0.566754505693808,584,114.066503337623
"V169",0,0,584,114.066503337623
"V170",0,0,584,114.066503337623
"V171",0,0,584,114.066503337623
"V172",1,0.0755924409050408,583,113.990910896718
"V173",1,0.02068167279036,582,113.970229223927
"V174",1,0.124141458590216,581,113.846087765337
"V175",0,0,581,113.846087765337
"V176",1,0.147372162204832,580,113.698715603132
"V177",1,0.0132735420448711,579,113.685442061088
"V178",0,0,579,113.685442061088
"V179",0,0,579,113.685442061088
"V180",1,0.210700521201147,578,113.474741539886
"V181",1,0.0924886804676959,577,113.382252859419
"V182",0,0,577,113.382252859419
"V183",0,0,577,113.382252859419
"V184",0,0,577,113.382252859419
"V185",1,0.0889110600325012,576,113.293341799386
"V186",1,0.0146011807734965,575,113.278740618613
"V187",0,0,575,113.278740618613
"V188",1,0.0930854510014996,574,113.185655167611
"V189",0,0,574,113.185655167611
"V190",1,0.0292564088963019,573,113.156398758715
"V191",0,0,573,113.156398758715
"V192",1,0.0577081170789739,572,113.098690641636
"V193",0,0,572,113.098690641636
"V194",0,0,572,113.098690641636
"V195",1,0.209528714086517,571,112.889161927549
"V196",0,0,571,112.889161927549
"V197",0,0,571,112.889161927549
"V198",0,0,571,112.889161927549
"V199",0,0,571,112.889161927549
"V200",1,0.0944007060286225,570,112.794761221521
"V201",1,0.0382726928430799,569,112.756488528678
"V202",0,0,569,112.756488528678
"V203",0,0,569,112.756488528678
"V204",1,0.0954122799191595,568,112.661076248759
"V205",0,0,568,112.661076248759
"V206",0,0,568,112.661076248759
"V207",1,0.0735018172006932,567,112.587574431558
"V208",1,0.071490507630898,566,112.516083923927
"V209",0,0,566,112.516083923927
"V210",1,0.189232644346632,565,112.32685127958
"V211",1,0.0785343514324666,564,112.248316928148
"V212",1,0.00985752114917204,563,112.238459406999
"V213",0,0,563,112.238459406999
"V214",0,0,563,112.238459406999
"V215",1,0.0769021838165287,562,112.161557223182
"V216",0,0,562,112.161557223182
"V217",1,0.164253064801258,561,111.997304158381
"V218",1,0.0668913991374467,560,111.930412759243
"V219",1,0.339332934501769,559,111.591079824742
"V220",0,0,559,111.591079824742
"V221",1,0.645676531425082,558,110.945403293317
"V222",0,0,558,110.945403293317
"V223",1,0.0279420686598684,557,110.917461224657
"V224",1,0.24790726303479,556,110.669553961622
"V225",0,0,556,110.669553961622
"V226",1,0.0182970165207337,555,110.651256945101
"V227",1,4.70736474085243e-05,554,110.651209871454
"V228",1,0.000139887639818426,553,110.651069983814
"V229",1,0.155909183762859,552,110.495160800051
"V230",1,0.587865639507356,551,109.907295160544
"V231",1,0.459657263404907,550,109.447637897139
"V232",1,0.468472286282179,549,108.979165610857
"V233",1,0.0944383453589097,548,108.884727265498
"V234",0,0,548,108.884727265498
"V235",1,0.0504873997929849,547,108.834239865705
"V236",1,0.0141392228513411,546,108.820100642853
"V237",0,0,546,108.820100642853
"V238",1,0.0907735287963902,545,108.729327114057
"V239",0,0,545,108.729327114057
"V240",0,0,545,108.729327114057
"V241",0,0,545,108.729327114057
"V242",0,0,545,108.729327114057
"V243",0,0,545,108.729327114057
"V244",0,0,545,108.729327114057
"V245",0,0,545,108.729327114057
"V246",0,0,545,108.729327114057
"V247",0,0,545,108.729327114057
"V248",0,0,545,108.729327114057
"V249",0,0,545,108.729327114057
"V250",0,0,545,108.729327114057
"V251",1,0.135722497740929,544,108.593604616316
"V252",0,0,544,108.593604616316
"V253",1,0.126968781995259,543,108.466635834321
"V254",0,0,543,108.466635834321
"V255",1,0.967235830224851,542,107.499400004096
"V256",0,0,542,107.499400004096
"V257",0,0,542,107.499400004096
"V258",0,0,542,107.499400004096
"V259",1,0.162213719194042,541,107.337186284902
"V260",0,0,541,107.337186284902
"V261",1,0.00443664620007667,540,107.332749638702
"V262",0,0,540,107.332749638702
"V263",0,0,540,107.332749638702
"V264",0,0,540,107.332749638702
"V265",1,0.0148262722061645,539,107.317923366496
"V266",0,0,539,107.317923366496
"V267",1,0.147277119373911,538,107.170646247122
"V268",0,0,538,107.170646247122
"V269",1,0.242044422262211,537,106.92860182486
"V270",1,0.000344615216747002,536,106.928257209643
"V271",1,0.0798072821697247,535,106.848449927473
"V272",0,0,535,106.848449927473
"V273",0,0,535,106.848449927473
"V274",0,0,535,106.848449927473
"V275",1,0.0563588744873442,534,106.792091052986
"V276",0,0,534,106.792091052986
"V277",0,0,534,106.792091052986
"V278",0,0,534,106.792091052986
"V279",1,0.0143416922584265,533,106.777749360727
"V280",0,0,533,106.777749360727
"V281",0,0,533,106.777749360727
"V282",0,0,533,106.777749360727
"V283",1,1.22472538217826,532,105.553023978549
"V284",0,0,532,105.553023978549
"V285",0,0,532,105.553023978549
"V286",0,0,532,105.553023978549
"V287",0,0,532,105.553023978549
"V288",0,0,532,105.553023978549
"V289",0,0,532,105.553023978549
"V290",0,0,532,105.553023978549
"V291",1,0.124479884336608,531,105.428544094213
"V292",0,0,531,105.428544094213
"V293",0,0,531,105.428544094213
"V294",0,0,531,105.428544094213
"V295",0,0,531,105.428544094213
"V296",0,0,531,105.428544094213
"V297",0,0,531,105.428544094213
"V298",0,0,531,105.428544094213
"V299",0,0,531,105.428544094213
"V300",1,0.0806851552559635,530,105.347858938957
"V301",1,0.0428582954426133,529,105.305000643514
"V302",0,0,529,105.305000643514
"V303",0,0,529,105.305000643514
"V304",0,0,529,105.305000643514
"V305",0,0,529,105.305000643514
"V306",1,0.0597951947419517,528,105.245205448772
"V307",0,0,528,105.245205448772
"V308",0,0,528,105.245205448772
"V309",0,0,528,105.245205448772
"V310",0,0,528,105.245205448772
"V311",0,0,528,105.245205448772
"V312",0,0,528,105.245205448772
"V313",1,0,527,105.632947843488
"V314",0,0,527,105.632947843488
"V315",0,0,527,105.632947843488
"V316",0,0,527,105.632947843488
"V317",0,0,527,105.632947843488
"V318",0,0,527,105.632947843488
"V319",0,0,527,105.632947843488
"V320",0,0,527,105.632947843488
"V321",0,0,527,105.632947843488
"V322",0,0,527,105.632947843488
"V323",0,0,527,105.632947843488
"V324",1,0.498027339388301,526,105.134920504099
"V325",0,0,526,105.134920504099
"V326",1,0.221909663331473,525,104.913010840768
"V327",1,1.88857257892559,524,103.024438261842
"V328",0,0,524,103.024438261842
"V329",1,0.487565280153916,523,102.536872981688
"V330",1,0.252550616964839,522,102.284322364723
"V331",0,0,522,102.284322364723
"V332",0,0,522,102.284322364723
"V333",1,4.28966723698643,521,97.994655127737
"V334",1,0.781960585212431,520,97.2126945425245
"V335",1,0.338286292811588,519,96.874408249713
"V336",1,0.469377634781026,518,96.4050306149319
"V337",1,1.19761117109405,517,95.2074194438379
"V338",1,0.168940844301105,516,95.0384785995368
"V339",1,1.55877366184248,515,93.4797049376943
"V340",0,0,515,93.4797049376943
"V341",0,0,515,93.4797049376943
"V342",0,0,515,93.4797049376943
"V343",0,0,515,93.4797049376943
"V344",0,0,515,93.4797049376943
"V345",0,0,515,93.4797049376943
"V346",0,0,515,93.4797049376943
"V347",0,0,515,93.4797049376943
"V348",0,0,515,93.4797049376943
"V349",0,0,515,93.4797049376943
"V350",0,0,515,93.4797049376943
"V351",0,0,515,93.4797049376943
"V352",1,0.102054366513215,514,93.3776505711811
"V353",0,0,514,93.3776505711811
"V354",0,0,514,93.3776505711811
"V355",1,0.0253848964857468,513,93.3522656746953
"V356",1,0.0871845060207335,512,93.2650811686746
"V357",1,0.00187539626202238,511,93.2632057724126
"V358",0,0,511,93.2632057724126
"V359",0,0,511,93.2632057724126
"V360",0,0,511,93.2632057724126
"V361",0,0,511,93.2632057724126
"V362",0,0,511,93.2632057724126
"V363",0,0,511,93.2632057724126
"V364",1,0.00899451830622411,510,93.2542112541064
"V365",0,0,510,93.2542112541064
"V366",0,0,510,93.2542112541064
"V367",0,0,510,93.2542112541064
"V368",0,0,510,93.2542112541064
"V369",0,0,510,93.2542112541064
"V370",0,0,510,93.2542112541064
"V371",0,0,510,93.2542112541064
"V372",0,0,510,93.2542112541064
"V373",0,0,510,93.2542112541064
"V374",0,0,510,93.2542112541064
"V375",0,0,510,93.2542112541064
"V376",0,0,510,93.2542112541064
"V377",0,0,510,93.2542112541064
"V378",0,0,510,93.2542112541064
"V379",0,0,510,93.2542112541064
"V380",0,0,510,93.2542112541064
"V381",0,0,510,93.2542112541064
"V382",0,0,510,93.2542112541064
"V383",0,0,510,93.2542112541064
"V384",1,0.0477095436928039,509,93.2065017104135
"V385",0,0,509,93.2065017104135
"V386",0,0,509,93.2065017104135
"V387",1,1.66899637535187,508,91.5375053350617
"V388",1,0.0987852480497651,507,91.4387200870119
"V389",0,0,507,91.4387200870119
"V390",1,10.4166426311028,506,81.0220774559091
"V391",0,0,506,81.0220774559091
"V392",0,0,506,81.0220774559091
"V393",1,0.0022472489619787,505,81.0198302069471
"V394",1,0.149547156912121,504,80.870283050035
"V395",1,0.222482675035806,503,80.6478003749992
"V396",0,0,503,80.6478003749992
"V397",1,0.206857175782602,502,80.4409431992166
"V398",1,0.146674341819036,501,80.2942688573975
"V399",1,0.403686489067795,500,79.8905823683297
"V400",1,0,499,79.902966852157
"V401",1,0.021374130248347,498,79.8815927219087
"V402",1,0.091975346230484,497,79.7896173756782
"V403",1,0.867121981760135,496,78.922495393918
"V404",1,0.735094866338201,495,78.1874005275798
"V405",1,0.097975406094875,494,78.089425121485
"V406",0,0,494,78.089425121485
"V407",1,0.827176039778635,493,77.2622490817063
"V408",0,0,493,77.2622490817063
"V409",0,0,493,77.2622490817063
"V410",1,0.28732946471564,492,76.9749196169907
"V411",1,0.0511566657117299,491,76.923762951279
"V412",0,0,491,76.923762951279
"V413",0,0,491,76.923762951279
"V414",1,0.789119196068597,490,76.1346437552104
"V415",1,0.102780448018464,489,76.0318633071919
"V416",1,0.401355067353833,488,75.6305082398381
"V417",1,0.415413132108839,487,75.2150951077292
"V418",1,0.0204274798481663,486,75.1946676278811
"V419",1,0,485,75.2127090020806
"V420",1,0.590757403819282,484,74.6219515982613
"V421",1,0.283890903138172,483,74.3380606951231
"V422",1,0,482,74.3449800511114
"V423",0,0,482,74.3449800511114
"V424",1,0.0218203877231815,481,74.3231596633882
"V425",0,0,481,74.3231596633882
"V426",0,0,481,74.3231596633882
"V427",0,0,481,74.3231596633882
"V428",0,0,481,74.3231596633882
"V429",0,0,481,74.3231596633882
"V430",1,0.257474986643373,480,74.0656846767449
"V431",0,0,480,74.0656846767449
"V432",0,0,480,74.0656846767449
"V433",1,0,479,74.0764681040853
"V434",0,0,479,74.0764681040853
"V435",0,0,479,74.0764681040853
"V436",0,0,479,74.0764681040853
"V437",1,0.212429733215615,478,73.8640383708696
"V438",0,0,478,73.8640383708696
"V439",0,0,478,73.8640383708696
"V440",0,0,478,73.8640383708696
"V441",0,0,478,73.8640383708696
"V442",1,0.209617569448397,477,73.6544208014212
"V443",0,0,477,73.6544208014212
"V444",0,0,477,73.6544208014212
"V445",0,0,477,73.6544208014212
"V446",1,0.0121795866674006,476,73.6422412147538
"V447",0,0,476,73.6422412147538
"V448",0,0,476,73.6422412147538
"V449",1,0.313479197236006,475,73.3287620175178
"V450",0,0,475,73.3287620175178
"V451",0,0,475,73.3287620175178
"V452",0,0,475,73.3287620175178
"V453",0,0,475,73.3287620175178
"V454",0,0,475,73.3287620175178
"V455",0,0,475,73.3287620175178
"V456",0,0,475,73.3287620175178
"V457",0,0,475,73.3287620175178
"V458",0,0,475,73.3287620175178
"V459",0,0,475,73.3287620175178
"V460",0,0,475,73.3287620175178
"V461",1,0.317738187054474,474,73.0110238304634
"V462",0,0,474,73.0110238304634
"V463",0,0,474,73.0110238304634
"V464",0,0,474,73.0110238304634
"V465",0,0,474,73.0110238304634
"V466",0,0,474,73.0110238304634
"V467",0,0,474,73.0110238304634
"V468",0,0,474,73.0110238304634
"V469",0,0,474,73.0110238304634
"V470",0,0,474,73.0110238304634
"V471",0,0,474,73.0110238304634
"V472",0,0,474,73.0110238304634
"V473",0,0,474,73.0110238304634
"V474",1,1.12509451006918,473,71.8859293203942
"V475",0,0,473,71.8859293203942
"V476",0,0,473,71.8859293203942
"V477",0,0,473,71.8859293203942
"V478",1,0.028078892652502,472,71.8578504277417
"V479",0,0,472,71.8578504277417
"V480",0,0,472,71.8578504277417
"V481",1,0,471,71.8604457933503
"V482",0,0,471,71.8604457933503
"V483",0,0,471,71.8604457933503
"V484",0,0,471,71.8604457933503
"V485",1,0.0813821838012245,470,71.779063609549
"V486",0,0,470,71.779063609549
"V487",0,0,470,71.779063609549
"V488",0,0,470,71.779063609549
"V489",0,0,470,71.779063609549
"V490",1,0.121160544411396,469,71.6579030651376
"V491",0,0,469,71.6579030651376
"V492",0,0,469,71.6579030651376
"V493",0,0,469,71.6579030651376
"V494",0,0,469,71.6579030651376
"V495",0,0,469,71.6579030651376
"V496",0,0,469,71.6579030651376
"V497",0,0,469,71.6579030651376
"V498",0,0,469,71.6579030651376
"V499",0,0,469,71.6579030651376
"V500",0,0,469,71.6579030651376
"V501",0,0,469,71.6579030651376
"V502",0,0,469,71.6579030651376
"V503",0,0,469,71.6579030651376
"V504",0,0,469,71.6579030651376
"V505",0,0,469,71.6579030651376
"V506",0,0,469,71.6579030651376
"V507",0,0,469,71.6579030651376
"V508",0,0,469,71.6579030651376
"V509",0,0,469,71.6579030651376
"V510",0,0,469,71.6579030651376
"V511",0,0,469,71.6579030651376
"V512",0,0,469,71.6579030651376
"V513",0,0,469,71.6579030651376
"V514",0,0,469,71.6579030651376
"V515",0,0,469,71.6579030651376
"V516",0,0,469,71.6579030651376
"V517",0,0,469,71.6579030651376
"V518",0,0,469,71.6579030651376
"V519",0,0,469,71.6579030651376
"V520",0,0,469,71.6579030651376
"V521",0,0,469,71.6579030651376
"V522",0,0,469,71.6579030651376
"V523",0,0,469,71.6579030651376
"V524",0,0,469,71.6579030651376
"V525",0,0,469,71.6579030651376
"V526",0,0,469,71.6579030651376
"V527",0,0,469,71.6579030651376
"V528",0,0,469,71.6579030651376
"V529",0,0,469,71.6579030651376
"V530",0,0,469,71.6579030651376
"V531",0,0,469,71.6579030651376
"V532",0,0,469,71.6579030651376
"V533",0,0,469,71.6579030651376
"V534",1,0.147304416736617,468,71.510598648401
"V535",1,0.110642729253726,467,71.3999559191473
"V536",1,0,466,71.4039197329908
"V537",1,0.257457072203223,465,71.1464626607876
"V538",0,0,465,71.1464626607876
"V539",0,0,465,71.1464626607876
"V540",1,0.328462216469021,464,70.8180004443186
"V541",0,0,464,70.8180004443186
"V542",1,0.104195442761167,463,70.7138050015574
"V543",0,0,463,70.7138050015574
"V544",1,0.131364947267272,462,70.5824400542902
"V545",0,0,462,70.5824400542902
"V546",0,0,462,70.5824400542902
"V547",1,0.0154191761016591,461,70.5670208781885
"V548",0,0,461,70.5670208781885
"V549",1,0.507270902331342,460,70.0597499758572
"V550",0,0,460,70.0597499758572
"V551",1,0.0133124306480426,459,70.0464375452091
"V552",0,0,459,70.0464375452091
"V553",0,0,459,70.0464375452091
"V554",0,0,459,70.0464375452091
"V555",0,0,459,70.0464375452091
"V556",0,0,459,70.0464375452091
"V557",0,0,459,70.0464375452091
"V558",0,0,459,70.0464375452091
"V559",0,0,459,70.0464375452091
"V560",0,0,459,70.0464375452091
"V561",1,0.105692275016381,458,69.9407452701927
"V562",0,0,458,69.9407452701927
"V563",0,0,458,69.9407452701927
"V564",0,0,458,69.9407452701927
"V565",0,0,458,69.9407452701927
"V566",1,0.0166766966539029,457,69.9240685735388
"V567",0,0,457,69.9240685735388
"V568",0,0,457,69.9240685735388
"V569",0,0,457,69.9240685735388
"V570",0,0,457,69.9240685735388
"V571",1,0.00469894008594451,456,69.9193696334529
"V572",0,0,456,69.9193696334529
"V573",0,0,456,69.9193696334529
"V574",0,0,456,69.9193696334529
"V575",0,0,456,69.9193696334529
"V576",0,0,456,69.9193696334529
"V577",0,0,456,69.9193696334529
"V578",0,0,456,69.9193696334529
"V579",0,0,456,69.9193696334529
"V580",0,0,456,69.9193696334529
"V581",0,0,456,69.9193696334529
"V582",0,0,456,69.9193696334529
"V583",0,0,456,69.9193696334529
"V584",0,0,456,69.9193696334529
"V585",0,0,456,69.9193696334529
"V586",0,0,456,69.9193696334529
"V587",0,0,456,69.9193696334529
"V588",0,0,456,69.9193696334529
"V589",0,0,456,69.9193696334529
"V590",0,0,456,69.9193696334529
"V591",0,0,456,69.9193696334529
"V592",0,0,456,69.9193696334529
"V593",0,0,456,69.9193696334529
"V594",0,0,456,69.9193696334529
"V595",0,0,456,69.9193696334529
"V596",0,0,456,69.9193696334529
"V597",0,0,456,69.9193696334529
"V598",0,0,456,69.9193696334529
"V599",0,0,456,69.9193696334529
"V600",0,0,456,69.9193696334529
"V601",0,0,456,69.9193696334529
"V602",0,0,456,69.9193696334529
"V603",0,0,456,69.9193696334529
"V604",0,0,456,69.9193696334529
"V605",0,0,456,69.9193696334529
"V606",0,0,456,69.9193696334529
"V607",0,0,456,69.9193696334529
"V608",0,0,456,69.9193696334529
"V609",0,0,456,69.9193696334529
"V610",0,0,456,69.9193696334529
"V611",0,0,456,69.9193696334529
"V612",0,0,456,69.9193696334529
"V613",0,0,456,69.9193696334529
"V614",0,0,456,69.9193696334529
"V615",0,0,456,69.9193696334529
"V616",0,0,456,69.9193696334529
"V617",0,0,456,69.9193696334529
"V618",0,0,456,69.9193696334529
"V619",0,0,456,69.9193696334529
"V620",0,0,456,69.9193696334529
"V621",0,0,456,69.9193696334529
"V622",0,0,456,69.9193696334529
"V623",0,0,456,69.9193696334529
"V624",0,0,456,69.9193696334529
"V625",0,0,456,69.9193696334529
"V626",0,0,456,69.9193696334529
"V627",0,0,456,69.9193696334529
"V628",0,0,456,69.9193696334529
"V629",0,0,456,69.9193696334529
"V630",0,0,456,69.9193696334529
"V631",0,0,456,69.9193696334529
"V632",0,0,456,69.9193696334529
"V633",0,0,456,69.9193696334529
"V634",0,0,456,69.9193696334529
"V635",0,0,456,69.9193696334529
"V636",0,0,456,69.9193696334529
"V637",0,0,456,69.9193696334529
"V638",0,0,456,69.9193696334529
"V639",0,0,456,69.9193696334529
"V640",0,0,456,69.9193696334529
"V641",0,0,456,69.9193696334529
"V642",0,0,456,69.9193696334529
"V643",0,0,456,69.9193696334529
"V644",0,0,456,69.9193696334529
"V645",0,0,456,69.9193696334529
"V646",0,0,456,69.9193696334529
"V647",0,0,456,69.9193696334529
"V648",0,0,456,69.9193696334529
"V649",0,0,456,69.9193696334529
"V650",0,0,456,69.9193696334529
"V651",0,0,456,69.9193696334529
"V652",0,0,456,69.9193696334529
"V653",0,0,456,69.9193696334529
"V654",0,0,456,69.9193696334529
"V655",0,0,456,69.9193696334529
"V656",0,0,456,69.9193696334529
"V657",0,0,456,69.9193696334529
"V658",0,0,456,69.9193696334529
"V659",0,0,456,69.9193696334529
"V660",0,0,456,69.9193696334529
"V661",1,0.115088392016204,455,69.8042812414367
"V662",0,0,455,69.8042812414367
"V663",0,0,455,69.8042812414367
"V664",0,0,455,69.8042812414367
"V665",0,0,455,69.8042812414367
"V666",0,0,455,69.8042812414367
"V667",0,0,455,69.8042812414367
"V668",0,0,455,69.8042812414367
"V669",0,0,455,69.8042812414367
"V670",0,0,455,69.8042812414367
"V671",0,0,455,69.8042812414367
"V672",0,0,455,69.8042812414367
"V673",0,0,455,69.8042812414367
"V674",0,0,455,69.8042812414367
"V675",0,0,455,69.8042812414367
"V676",0,0,455,69.8042812414367
"V677",0,0,455,69.8042812414367
"V678",0,0,455,69.8042812414367
"V679",0,0,455,69.8042812414367
"V680",0,0,455,69.8042812414367
"V681",0,0,455,69.8042812414367
"V682",0,0,455,69.8042812414367
"V683",0,0,455,69.8042812414367
"V684",0,0,455,69.8042812414367
"V685",0,0,455,69.8042812414367
"V686",0,0,455,69.8042812414367
"V687",0,0,455,69.8042812414367
"V688",0,0,455,69.8042812414367
"V689",1,0.0573229819396772,454,69.746958259497
"V690",0,0,454,69.746958259497
"V691",0,0,454,69.746958259497
"V692",1,0.135808379764953,453,69.6111498797321
"V693",0,0,453,69.6111498797321
"V694",0,0,453,69.6111498797321
"V695",0,0,453,69.6111498797321
"V696",0,0,453,69.6111498797321
"V697",1,0.128605698288638,452,69.4825441814434
"V698",0,0,452,69.4825441814434
"V699",0,0,452,69.4825441814434
"V700",0,0,452,69.4825441814434
"V701",0,0,452,69.4825441814434
"V702",0,0,452,69.4825441814434
"V703",0,0,452,69.4825441814434
"V704",0,0,452,69.4825441814434
"V705",0,0,452,69.4825441814434
"V706",0,0,452,69.4825441814434
"V707",0,0,452,69.4825441814434
"V708",0,0,452,69.4825441814434
"V709",0,0,452,69.4825441814434
"V710",0,0,452,69.4825441814434
"V711",0,0,452,69.4825441814434
"V712",0,0,452,69.4825441814434
"V713",1,0.368554343774193,451,69.1139898376692
"V714",1,0,450,69.1339913026733
"V715",0,0,450,69.1339913026733
"V716",0,0,450,69.1339913026733
"V717",0,0,450,69.1339913026733
"V718",0,0,450,69.1339913026733
"V719",0,0,450,69.1339913026733
"V720",0,0,450,69.1339913026733
"V721",0,0,450,69.1339913026733
"V722",0,0,450,69.1339913026733
"V723",0,0,450,69.1339913026733
"V724",0,0,450,69.1339913026733
"V725",0,0,450,69.1339913026733
"V726",0,0,450,69.1339913026733
"V727",0,0,450,69.1339913026733
"V728",0,0,450,69.1339913026733
"V729",0,0,450,69.1339913026733
"V730",0,0,450,69.1339913026733
"V731",0,0,450,69.1339913026733
"V732",0,0,450,69.1339913026733
"V733",0,0,450,69.1339913026733
"V734",0,0,450,69.1339913026733
"V735",0,0,450,69.1339913026733
"V736",0,0,450,69.1339913026733
"V737",0,0,450,69.1339913026733
"V738",0,0,450,69.1339913026733
"V739",0,0,450,69.1339913026733
"V740",0,0,450,69.1339913026733
"V741",0,0,450,69.1339913026733
"V742",0,0,450,69.1339913026733
"V743",0,0,450,69.1339913026733
"V744",0,0,450,69.1339913026733
"V745",0,0,450,69.1339913026733
"V746",1,0.191819314363386,449,68.9421719883099
"V747",0,0,449,68.9421719883099
"V748",0,0,449,68.9421719883099
"V749",0,0,449,68.9421719883099
"V750",0,0,449,68.9421719883099
"V751",0,0,449,68.9421719883099
"V752",0,0,449,68.9421719883099
"V753",1,0.646257154113613,448,68.2959148341963
"V754",0,0,448,68.2959148341963
"V755",0,0,448,68.2959148341963
"V756",0,0,448,68.2959148341963
"V757",0,0,448,68.2959148341963
"V758",0,0,448,68.2959148341963
"V759",0,0,448,68.2959148341963
"V760",0,0,448,68.2959148341963
"V761",0,0,448,68.2959148341963
"V762",0,0,448,68.2959148341963
"V763",0,0,448,68.2959148341963
"V764",0,0,448,68.2959148341963
"V765",0,0,448,68.2959148341963
"V766",0,0,448,68.2959148341963
"V767",0,0,448,68.2959148341963
"V768",0,0,448,68.2959148341963
"V769",0,0,448,68.2959148341963
"V770",0,0,448,68.2959148341963
"V771",0,0,448,68.2959148341963
"V772",0,0,448,68.2959148341963
"V773",0,0,448,68.2959148341963
"V774",0,0,448,68.2959148341963
"V775",0,0,448,68.2959148341963
"V776",1,0.221169353658766,447,68.0747454805375
"V777",0,0,447,68.0747454805375
"V778",0,0,447,68.0747454805375
"V779",1,0,446,68.0793570787211
"V780",0,0,446,68.0793570787211
"V781",0,0,446,68.0793570787211
"V782",0,0,446,68.0793570787211
"V783",0,0,446,68.0793570787211
"V784",0,0,446,68.0793570787211
"V785",0,0,446,68.0793570787211
"V786",0,0,446,68.0793570787211
"V787",0,0,446,68.0793570787211
"V788",0,0,446,68.0793570787211
"V789",0,0,446,68.0793570787211
"V790",0,0,446,68.0793570787211
"V791",0,0,446,68.0793570787211
"V792",0,0,446,68.0793570787211
"V793",0,0,446,68.0793570787211
"V794",1,0.168730327366575,445,67.9106267513545
"V795",0,0,445,67.9106267513545
"V796",1,0.00869800080320715,444,67.9019287505513
"V797",0,0,444,67.9019287505513
"V798",1,0.00770222995043923,443,67.8942265206009
"V799",0,0,443,67.8942265206009
"V800",0,0,443,67.8942265206009
"V801",1,0.085240441180602,442,67.8089860794203
"V802",1,0.110538087767878,441,67.6984479916524
"V803",1,0.0300192395769727,440,67.6684287520754
"V804",0,0,440,67.6684287520754
"V805",1,0.00350462413993569,439,67.6649241279355
"V806",1,0.229281984830365,438,67.4356421431051
"V807",1,0.0573031534514712,437,67.3783389896536
"V808",0,0,437,67.3783389896536
"V809",0,0,437,67.3783389896536
"V810",1,0.14472721789042,436,67.2336117717632
"V811",1,0.672412126829812,435,66.5611996449334
"V812",0,0,435,66.5611996449334
"V813",0,0,435,66.5611996449334
"V814",0,0,435,66.5611996449334
"V815",1,0.31596862834374,434,66.2452310165897
"V816",1,0.0474209414409614,433,66.1978100751487
"V817",1,0.769552237191036,432,65.4282578379577
"V818",1,0.268093543899255,431,65.1601642940584
"V819",1,0.494329050525977,430,64.6658352435324
"V820",1,0.0477675863797202,429,64.6180676571527
"V821",1,0.612734343066023,428,64.0053333140867
"V822",0,0,428,64.0053333140867
"V823",1,0.135237940530253,427,63.8700953735564
"V824",0,0,427,63.8700953735564
"V825",1,1.46937507755423,426,62.4007202960022
"V826",0,0,426,62.4007202960022
"V827",0,0,426,62.4007202960022
"V828",1,0.16611068078759,425,62.2346096152146
"V829",0,0,425,62.2346096152146
"V830",1,0.0722649327390528,424,62.1623446824756
"V831",1,0.0360412862493789,423,62.1263033962262
"V832",1,0.102997465640769,422,62.0233059305854
"V833",1,0.0798247315546803,421,61.9434811990307
"V834",1,0.29950915106383,420,61.6439720479669
"V835",1,0.0161204154715051,419,61.6278516324954
"V836",1,0.0397367003588158,418,61.5881149321366
"V837",1,0.00202674200452435,417,61.5860881901321
"V838",1,0.172216773888387,416,61.4138714162437
"V839",0,0,416,61.4138714162437
"V840",1,0.106406120733752,415,61.3074652955099
"V841",0,0,415,61.3074652955099
"V842",1,0.00349695174008247,414,61.3039683437698
"V843",1,0.108072639014075,413,61.1958957047558
"V844",0,0,413,61.1958957047558
"V845",0,0,413,61.1958957047558
"V846",1,0.0572021126867028,412,61.1386935920691
"V847",1,0.215805073606695,411,60.9228885184624
"V848",1,0.206828401034969,410,60.7160601174274
"V849",1,0.366622520320163,409,60.3494375971072
"V850",0,0,409,60.3494375971072
"V851",0,0,409,60.3494375971072
"V852",0,0,409,60.3494375971072
"V853",0,0,409,60.3494375971072
"V854",0,0,409,60.3494375971072
"V855",0,0,409,60.3494375971072
"V856",0,0,409,60.3494375971072
"V857",0,0,409,60.3494375971072
"V858",0,0,409,60.3494375971072
"V859",1,0.0223476405604472,408,60.3270899565468
"V860",1,0.296882867142806,407,60.030207089404
"V861",0,0,407,60.030207089404
"V862",1,0.0604844229237003,406,59.9697226664803
"V863",1,0.0370797780758068,405,59.9326428884045
"V864",1,0.0575374988338737,404,59.8751053895706
"V865",1,0.0213560260285348,403,59.8537493635421
"V866",0,0,403,59.8537493635421
"V867",0,0,403,59.8537493635421
"V868",1,0.311061591677756,402,59.5426877718643
"V869",1,0.0156214596798563,401,59.5270663121845
"V870",1,0.0424542137091919,400,59.4846120984753
"V871",0,0,400,59.4846120984753
"V872",1,0.00539314248459277,399,59.4792189559907
"V873",1,0.0506042826899815,398,59.4286146733007
"V874",1,0.0133068960444902,397,59.4153077772562
"V875",1,0,396,59.4251215364881
"V876",1,0.23533201950697,395,59.1897895169811
"V877",1,0.600432278359882,394,58.5893572386212
"V878",1,0.0134150047305255,393,58.5759422338907
"V879",1,0.398750147704419,392,58.1771920861863
"V880",1,0.467175276147429,391,57.7100168100389
"V881",1,0.00653496477141857,390,57.7034818452674
"V882",1,0.780839335379632,389,56.9226425098878
"V883",1,0.282390199345762,388,56.640252310542
"V884",1,0.180338358021665,387,56.4599139525204
"V885",1,0.681151087434138,386,55.7787628650862
"V886",1,0.269986933281203,385,55.508775931805
"V887",1,0.0197945899238476,384,55.4889813418812
"V888",1,0.00453209299534052,383,55.4844492488859
"V889",1,0.0576295226622818,382,55.4268197262236
"V890",1,0.225387637281074,381,55.2014320889425
"V891",0,0,381,55.2014320889425
"V892",1,0.351566827211798,380,54.8498652617307
"V893",1,0.165983818915876,379,54.6838814428148
"V894",1,0.00860662805668255,378,54.6752748147581
"V895",1,1.35414276527807,377,53.3211320494801
"V896",1,0.133252677605071,376,53.187879371875
"V897",1,0.760039286713031,375,52.427840085162
"V898",1,0.270908860427824,374,52.1569312247341
"V899",1,0.0108938868192965,373,52.1460373379148
"V900",0,0,373,52.1460373379148
"V901",1,0.393960523484736,372,51.7520768144301
"V902",0,0,372,51.7520768144301
"V903",1,0,371,51.7535353075586
"V904",1,0.028893768089695,370,51.7246415394689
"V905",1,1.09209198351219,369,50.6325495559567
"V906",1,0.07604650387173,368,50.556503052085
"V907",0,0,368,50.556503052085
"V908",0,0,368,50.556503052085
"V909",1,0.0273189044075082,367,50.5291841476775
"V910",0,0,367,50.5291841476775
"V911",0,0,367,50.5291841476775
"V912",1,0.733932097457007,366,49.7952520502204
"V913",0,0,366,49.7952520502204
"V914",1,1.18895166480937,365,48.6063003854111
"V915",0,0,365,48.6063003854111
"V916",0,0,365,48.6063003854111
"V917",0,0,365,48.6063003854111
"V918",1,0.179367309014069,364,48.426933076397
"V919",1,0.788108479001288,363,47.6388245973957
"V920",0,0,363,47.6388245973957
"V921",1,0.843457985489685,362,46.795366611906
"V922",1,0.0473143530310551,361,46.748052258875
"V923",1,0.0289682390240884,360,46.7190840198509
"V924",0,0,360,46.7190840198509
"V925",0,0,360,46.7190840198509
"V926",0,0,360,46.7190840198509
"V927",1,0.222894659508377,359,46.4961893603425
"V928",0,0,359,46.4961893603425
"V929",1,0.0783233293124255,358,46.4178660310301
"V930",0,0,358,46.4178660310301
"V931",0,0,358,46.4178660310301
"V932",0,0,358,46.4178660310301
"V933",1,1.23298575492517,357,45.1848802761049
"V934",1,0.0475798688452258,356,45.1373004072597
"V935",1,0.175247703575728,355,44.962052703684
"V936",1,0.90539536033755,354,44.0566573433464
"V937",1,0.147914321965324,353,43.9087430213811
"V938",1,0.0255183324712931,352,43.8832246889098
"V939",1,0.0212853120594261,351,43.8619393768504
"V940",0,0,351,43.8619393768504
"V941",1,2.24061442543837,350,41.621324951412
"V942",1,0.00164866075685666,349,41.6196762906551
"V943",0,0,349,41.6196762906551
"V944",1,0.0127375941199901,348,41.6069386965352
"V945",1,0.018118012436382,347,41.5888206840988
"V946",1,0.0619536719812146,346,41.5268670121176
"V947",1,0.0277817601156869,345,41.4990852520019
"V948",1,0.0055568455429551,344,41.4935284064589
"V949",0,0,344,41.4935284064589
"V950",1,0.0344292533315453,343,41.4590991531274
"V951",1,0.00599480723690249,342,41.4531043458905
"V952",1,0.152705133956836,341,41.3003992119336
"V953",1,0.00944780629645692,340,41.2909514056372
"V954",0,0,340,41.2909514056372
"V955",1,0.08198601830059,339,41.2089653873366
"V956",1,0.0478022178532242,338,41.1611631694834
"V957",0,0,338,41.1611631694834
"V958",1,0.000569009762358519,337,41.160594159721
"V959",0,0,337,41.160594159721
"V960",0,0,337,41.160594159721
"V961",0,0,337,41.160594159721
"V962",0,0,337,41.160594159721
"V963",0,0,337,41.160594159721
"V964",0,0,337,41.160594159721
"V965",1,0.0856873328805676,336,41.0749068268404
"V966",0,0,336,41.0749068268404
"V967",0,0,336,41.0749068268404
"V968",1,0.0111021402509763,335,41.0638046865895
"V969",1,1.8964346071547,334,39.1673700794348
"V970",1,0.771026128180438,333,38.3963439512543
"V971",1,0.0390102357236088,332,38.3573337155307
"V972",1,0.00785963552141311,331,38.3494740800093
"V973",0,0,331,38.3494740800093
"V974",1,0.175459538186551,330,38.1740145418227
"V975",1,1.42287423163241,329,36.7511403101903
"V976",0,0,329,36.7511403101903
"V977",1,0.848845477843874,328,35.9022948323465
"V978",1,0.106022980207577,327,35.7962718521389
"V979",1,0.0552784522633942,326,35.7409933998755
"V980",0,0,326,35.7409933998755
"V981",1,0.0588988080028869,325,35.6820945918726
"V982",1,0.362140668038677,324,35.3199539238339
"V983",0,0,324,35.3199539238339
"V984",1,0.0145581429370907,323,35.3053957808968
"V985",0,0,323,35.3053957808968
"V986",0,0,323,35.3053957808968
"V987",0,0,323,35.3053957808968
"V988",0,0,323,35.3053957808968
"V989",0,0,323,35.3053957808968
"V990",1,0.0222304833219198,322,35.2831652975749
"V991",1,0.0852348233065783,321,35.1979304742683
"V992",0,0,321,35.1979304742683
"V993",0,0,321,35.1979304742683
"V994",0,0,321,35.1979304742683
"V995",1,0.0119456416889534,320,35.1859848325794
"V996",0,0,320,35.1859848325794
"V997",0,0,320,35.1859848325794
"V998",1,0.0311821029519948,319,35.1548027296274
"V999",0,0,319,35.1548027296274
"V1000",1,0.335752595432496,318,34.8190501341949
"V1001",1,0.461895700525695,317,34.3571544336692
"V1002",1,2.23048964346108,316,32.1266647902081
"V1003",0,0,316,32.1266647902081
"V1004",0,0,316,32.1266647902081
"V1005",1,0.65976211570003,315,31.4669026745081
"V1006",0,0,315,31.4669026745081
"V1007",0,0,315,31.4669026745081
"V1008",1,0.00204919615834243,314,31.4648534783497
"V1009",1,0.0931678982731547,313,31.3716855800766
"V1010",0,0,313,31.3716855800766
"V1011",1,0.701333070193023,312,30.6703525098836
"V1012",0,0,312,30.6703525098836
"V1013",0,0,312,30.6703525098836
"V1014",1,1.90621275805309,311,28.7641397518305
"V1015",1,0.0467285588457713,310,28.7174111929847
"V1016",0,0,310,28.7174111929847
"V1017",0,0,310,28.7174111929847
"V1018",0,0,310,28.7174111929847
"V1019",0,0,310,28.7174111929847
"V1020",1,0.108004538143952,309,28.6094066548408
"V1021",1,0.0490701274429135,308,28.5603365273978
"V1022",1,0.0994129313528127,307,28.460923596045
"V1023",1,0.449772516904396,306,28.0111510791406
"V1024",1,0.210831304220541,305,27.8003197749201
"V1025",1,0.110012458943032,304,27.6903073159771
"V1026",0,0,304,27.6903073159771
"V1027",1,0.236388375858915,303,27.4539189401181
"V1028",0,0,303,27.4539189401181
"V1029",1,0.00238432965397806,302,27.4515346104642
"V1030",1,0.0519441367132174,301,27.399590473751
"V1031",1,0.449332182941269,300,26.9502582908097
"V1032",1,0.0740343553074823,299,26.8762239355022
"V1033",1,0.00903589297242036,298,26.8671880425298
"V1034",0,0,298,26.8671880425298
"V1035",0,0,298,26.8671880425298
"V1036",0,0,298,26.8671880425298
"V1037",1,0.0121983541961654,297,26.8549896883336
"V1038",1,0.14213605089353,296,26.7128536374401
"V1039",0,0,296,26.7128536374401
"V1040",0,0,296,26.7128536374401
"V1041",0,0,296,26.7128536374401
"V1042",0,0,296,26.7128536374401
"V1043",0,0,296,26.7128536374401
"V1044",1,1.31722039212796,295,25.3956332453121
"V1045",0,0,295,25.3956332453121
"V1046",0,0,295,25.3956332453121
"V1047",0,0,295,25.3956332453121
"V1048",0,0,295,25.3956332453121
"V1049",0,0,295,25.3956332453121
"V1050",0,0,295,25.3956332453121
"V1051",0,0,295,25.3956332453121
"V1052",0,0,295,25.3956332453121
"V1053",0,0,295,25.3956332453121
"V1054",0,0,295,25.3956332453121
"V1055",0,0,295,25.3956332453121
"V1056",1,0.472508503427953,294,24.9231247418842
"V1057",1,0.15294687446946,293,24.7701778674147
"V1058",0,0,293,24.7701778674147
"V1059",1,0.346210542835877,292,24.4239673245788
"V1060",1,0.000321001044291336,291,24.4236463235345
"V1061",1,0.000656375986462621,290,24.4229899475481
"V1062",1,0.0180498332654899,289,24.4049401142826
"V1063",1,0.567405636448626,288,23.837534477834
"V1064",1,0.100583827023563,287,23.7369506508104
"V1065",0,0,287,23.7369506508104
"V1066",1,0.0632285342924916,286,23.6737221165179
"V1067",1,0.124210148808832,285,23.5495119677091
"V1068",1,0,284,23.5505380688065
"V1069",1,0.138140759072783,283,23.4123973097337
"V1070",1,0.124843729342231,282,23.2875535803915
"V1071",1,0.545768842624934,281,22.7417847377666
"V1072",0,0,281,22.7417847377666
"V1073",0,0,281,22.7417847377666
"V1074",1,0.00421285232137336,280,22.7375718854452
"V1075",1,0.0899536834676766,279,22.6476182019775
"V1076",0,0,279,22.6476182019775
"V1077",0,0,279,22.6476182019775
"V1078",0,0,279,22.6476182019775
"V1079",1,0,278,22.6477654186178
"V1080",1,1.35771593653142,277,21.2900494820864
"V1081",0,0,277,21.2900494820864
"V1082",1,0.190042647222167,276,21.1000068348642
"V1083",0,0,276,21.1000068348642
"V1084",0,0,276,21.1000068348642
"V1085",0,0,276,21.1000068348642
"V1086",0,0,276,21.1000068348642
"V1087",0,0,276,21.1000068348642
"V1088",0,0,276,21.1000068348642
"V1089",0,0,276,21.1000068348642
"V1090",0,0,276,21.1000068348642
"V1091",0,0,276,21.1000068348642
"V1092",0,0,276,21.1000068348642
"V1093",0,0,276,21.1000068348642
"V1094",0,0,276,21.1000068348642
"V1095",1,0.148999557360941,275,20.9510072775033
"V1096",0,0,275,20.9510072775033
"V1097",0,0,275,20.9510072775033
"V1098",0,0,275,20.9510072775033
"V1099",0,0,275,20.9510072775033
"V1100",0,0,275,20.9510072775033
"V1101",0,0,275,20.9510072775033
"V1102",0,0,275,20.9510072775033
"V1103",0,0,275,20.9510072775033
"V1104",0,0,275,20.9510072775033
"V1105",0,0,275,20.9510072775033
"V1106",0,0,275,20.9510072775033
"V1107",1,0.00400699351423128,274,20.947000283989
"V1108",0,0,274,20.947000283989
"V1109",1,0.524481615980331,273,20.4225186680087
"V1110",0,0,273,20.4225186680087
"V1111",0,0,273,20.4225186680087
"V1112",0,0,273,20.4225186680087
"V1113",0,0,273,20.4225186680087
"V1114",0,0,273,20.4225186680087
"V1115",0,0,273,20.4225186680087
"V1116",0,0,273,20.4225186680087
"V1117",0,0,273,20.4225186680087
"V1118",1,0.096005077814219,272,20.3265135901945
"V1119",1,0,271,20.3295066219477
"V1120",0,0,271,20.3295066219477
"V1121",0,0,271,20.3295066219477
"V1122",0,0,271,20.3295066219477
"V1123",0,0,271,20.3295066219477
"V1124",0,0,271,20.3295066219477
"V1125",0,0,271,20.3295066219477
"V1126",0,0,271,20.3295066219477
"V1127",0,0,271,20.3295066219477
"V1128",0,0,271,20.3295066219477
"V1129",0,0,271,20.3295066219477
"V1130",0,0,271,20.3295066219477
"V1131",0,0,271,20.3295066219477
"V1132",0,0,271,20.3295066219477
"V1133",0,0,271,20.3295066219477
"V1134",0,0,271,20.3295066219477
"V1135",0,0,271,20.3295066219477
"V1136",0,0,271,20.3295066219477
"V1137",0,0,271,20.3295066219477
"V1138",0,0,271,20.3295066219477
"V1139",0,0,271,20.3295066219477
"V1140",0,0,271,20.3295066219477
"V1141",0,0,271,20.3295066219477
"V1142",0,0,271,20.3295066219477
"V1143",0,0,271,20.3295066219477
"V1144",0,0,271,20.3295066219477
"V1145",0,0,271,20.3295066219477
"V1146",0,0,271,20.3295066219477
"V1147",0,0,271,20.3295066219477
"V1148",0,0,271,20.3295066219477
"V1149",0,0,271,20.3295066219477
"V1150",0,0,271,20.3295066219477
"V1151",0,0,271,20.3295066219477
"V1152",0,0,271,20.3295066219477
"V1153",0,0,271,20.3295066219477
"V1154",0,0,271,20.3295066219477
"V1155",0,0,271,20.3295066219477
"V1156",0,0,271,20.3295066219477
"V1157",0,0,271,20.3295066219477
"V1158",0,0,271,20.3295066219477
"V1159",0,0,271,20.3295066219477
"V1160",0,0,271,20.3295066219477
"V1161",0,0,271,20.3295066219477
"V1162",0,0,271,20.3295066219477
"V1163",0,0,271,20.3295066219477
"V1164",0,0,271,20.3295066219477
"V1165",0,0,271,20.3295066219477
"V1166",0,0,271,20.3295066219477
"V1167",0,0,271,20.3295066219477
"V1168",0,0,271,20.3295066219477
"V1169",0,0,271,20.3295066219477
"V1170",0,0,271,20.3295066219477
"V1171",0,0,271,20.3295066219477
"V1172",0,0,271,20.3295066219477
"V1173",0,0,271,20.3295066219477
"V1174",0,0,271,20.3295066219477
"V1175",0,0,271,20.3295066219477
"V1176",0,0,271,20.3295066219477
"V1177",0,0,271,20.3295066219477
"V1178",0,0,271,20.3295066219477
"V1179",0,0,271,20.3295066219477
"V1180",0,0,271,20.3295066219477
"V1181",0,0,271,20.3295066219477
"V1182",0,0,271,20.3295066219477
"V1183",0,0,271,20.3295066219477
"V1184",0,0,271,20.3295066219477
"V1185",0,0,271,20.3295066219477
"V1186",0,0,271,20.3295066219477
"V1187",0,0,271,20.3295066219477
"V1188",0,0,271,20.3295066219477
"V1189",0,0,271,20.3295066219477
"V1190",0,0,271,20.3295066219477
"V1191",0,0,271,20.3295066219477
"V1192",0,0,271,20.3295066219477
"V1193",1,0.00673529524472372,270,20.322771326703
"V1194",0,0,270,20.322771326703
"V1195",0,0,270,20.322771326703
"V1196",0,0,270,20.322771326703
"V1197",0,0,270,20.322771326703
"V1198",0,0,270,20.322771326703
"V1199",0,0,270,20.322771326703
"V1200",0,0,270,20.322771326703
"V1201",0,0,270,20.322771326703
"V1202",0,0,270,20.322771326703
"V1203",0,0,270,20.322771326703
"V1204",0,0,270,20.322771326703
"V1205",1,0.0957763841459673,269,20.226994942557
"V1206",1,0.0122168747650093,268,20.214778067792
"V1207",0,0,268,20.214778067792
"V1208",0,0,268,20.214778067792
"V1209",1,0.0643169002640249,267,20.150461167528
"V1210",0,0,267,20.150461167528
"V1211",1,0.227933769220929,266,19.922527398307
"V1212",1,0.0745323993015568,265,19.8479949990055
"V1213",0,0,265,19.8479949990055
"V1214",1,0.0955408542396086,264,19.7524541447659
"V1215",0,0,264,19.7524541447659
"V1216",1,0.00591560623711018,263,19.7465385385288
"V1217",0,0,263,19.7465385385288
"V1218",0,0,263,19.7465385385288
"V1219",0,0,263,19.7465385385288
"V1220",0,0,263,19.7465385385288
"V1221",0,0,263,19.7465385385288
"V1222",0,0,263,19.7465385385288
"V1223",1,0,262,19.7475916280588
"V1224",1,0.0359474481067572,261,19.7116441799521
"V1225",0,0,261,19.7116441799521
"V1226",0,0,261,19.7116441799521
"V1227",0,0,261,19.7116441799521
"V1228",1,0.027033502320041,260,19.684610677632
"V1229",0,0,260,19.684610677632
"V1230",0,0,260,19.684610677632
"V1231",1,0.0459363102942092,259,19.6386743673378
"V1232",0,0,259,19.6386743673378
"V1233",0,0,259,19.6386743673378
"V1234",0,0,259,19.6386743673378
"V1235",1,0.383922939100302,258,19.2547514282375
"V1236",0,0,258,19.2547514282375
"V1237",0,0,258,19.2547514282375
"V1238",0,0,258,19.2547514282375
"V1239",0,0,258,19.2547514282375
"V1240",0,0,258,19.2547514282375
"V1241",0,0,258,19.2547514282375
"V1242",0,0,258,19.2547514282375
"V1243",1,0.0411997099451824,257,19.2135517182923
"V1244",1,0.00842175226626551,256,19.2051299660261
"V1245",0,0,256,19.2051299660261
"V1246",0,0,256,19.2051299660261
"V1247",0,0,256,19.2051299660261
"V1248",1,0.00988703462608598,255,19.1952429314
"V1249",0,0,255,19.1952429314
"V1250",0,0,255,19.1952429314
"V1251",0,0,255,19.1952429314
"V1252",0,0,255,19.1952429314
"V1253",0,0,255,19.1952429314
"V1254",0,0,255,19.1952429314
"V1255",0,0,255,19.1952429314
"V1256",0,0,255,19.1952429314
"V1257",1,0.163396773903035,254,19.031846157497
"V1258",1,0.00651695315635337,253,19.0253292043406
"V1259",0,0,253,19.0253292043406
"V1260",0,0,253,19.0253292043406
"V1261",0,0,253,19.0253292043406
"V1262",1,0.423897720745547,252,18.6014314835951
"V1263",0,0,252,18.6014314835951
"V1264",1,0.271454870664229,251,18.3299766129308
"V1265",0,0,251,18.3299766129308
"V1266",0,0,251,18.3299766129308
"V1267",0,0,251,18.3299766129308
"V1268",0,0,251,18.3299766129308
"V1269",0,0,251,18.3299766129308
"V1270",0,0,251,18.3299766129308
"V1271",1,0.21674775484955,250,18.1132288580813
"V1272",1,0.221966112561365,249,17.8912627455199
"V1273",1,0.138055468468934,248,17.753207277051
"V1274",0,0,248,17.753207277051
"V1275",0,0,248,17.753207277051
"V1276",1,0,247,17.7543487273428
"V1277",0,0,247,17.7543487273428
"V1278",1,0.0180503615284486,246,17.7362983658144
"V1279",0,0,246,17.7362983658144
"V1280",0,0,246,17.7362983658144
"V1281",0,0,246,17.7362983658144
"V1282",0,0,246,17.7362983658144
"V1283",0,0,246,17.7362983658144
"V1284",0,0,246,17.7362983658144
"V1285",0,0,246,17.7362983658144
"V1286",0,0,246,17.7362983658144
"V1287",0,0,246,17.7362983658144
"V1288",0,0,246,17.7362983658144
"V1289",0,0,246,17.7362983658144
"V1290",1,0.00335964935977628,245,17.7329387164546
"V1291",0,0,245,17.7329387164546
"V1292",0,0,245,17.7329387164546
"V1293",0,0,245,17.7329387164546
"V1294",0,0,245,17.7329387164546
"V1295",1,0.0118955898442756,244,17.7210431266103
"V1296",0,0,244,17.7210431266103
"V1297",0,0,244,17.7210431266103
"V1298",0,0,244,17.7210431266103
"V1299",0,0,244,17.7210431266103
"V1300",0,0,244,17.7210431266103
"V1301",0,0,244,17.7210431266103
"V1302",0,0,244,17.7210431266103
"V1303",0,0,244,17.7210431266103
"V1304",0,0,244,17.7210431266103
"V1305",0,0,244,17.7210431266103
"V1306",0,0,244,17.7210431266103
"V1307",1,0.0168296302875994,243,17.7042134963227
"V1308",0,0,243,17.7042134963227
"V1309",0,0,243,17.7042134963227
"V1310",0,0,243,17.7042134963227
"V1311",0,0,243,17.7042134963227
"V1312",0,0,243,17.7042134963227
"V1313",1,0.00136450175044445,242,17.7028489945723
"V1314",0,0,242,17.7028489945723
"V1315",0,0,242,17.7028489945723
"V1316",0,0,242,17.7028489945723
"V1317",0,0,242,17.7028489945723
"V1318",0,0,242,17.7028489945723
"V1319",0,0,242,17.7028489945723
"V1320",0,0,242,17.7028489945723
"V1321",0,0,242,17.7028489945723
"V1322",0,0,242,17.7028489945723
"V1323",0,0,242,17.7028489945723
"V1324",0,0,242,17.7028489945723
"V1325",0,0,242,17.7028489945723
"V1326",0,0,242,17.7028489945723
"V1327",1,0.0432819409852527,241,17.659567053587
"V1328",1,0.24319746690621,240,17.4163695866808
"V1329",0,0,240,17.4163695866808
"V1330",0,0,240,17.4163695866808
"V1331",0,0,240,17.4163695866808
"V1332",0,0,240,17.4163695866808
"V1333",0,0,240,17.4163695866808
"V1334",0,0,240,17.4163695866808
"V1335",0,0,240,17.4163695866808
"V1336",0,0,240,17.4163695866808
"V1337",0,0,240,17.4163695866808
"V1338",0,0,240,17.4163695866808
"V1339",0,0,240,17.4163695866808
"V1340",0,0,240,17.4163695866808
"V1341",0,0,240,17.4163695866808
"V1342",0,0,240,17.4163695866808
"V1343",0,0,240,17.4163695866808
"V1344",0,0,240,17.4163695866808
"V1345",1,0.337267750283996,239,17.0791018363968
"V1346",1,0.0063868760193877,238,17.0727149603775
"V1347",0,0,238,17.0727149603775
"V1348",0,0,238,17.0727149603775
"V1349",0,0,238,17.0727149603775
"V1350",0,0,238,17.0727149603775
"V1351",0,0,238,17.0727149603775
"V1352",0,0,238,17.0727149603775
"V1353",0,0,238,17.0727149603775
"V1354",0,0,238,17.0727149603775
"V1355",0,0,238,17.0727149603775
"V1356",0,0,238,17.0727149603775
"V1357",0,0,238,17.0727149603775
"V1358",0,0,238,17.0727149603775
"V1359",0,0,238,17.0727149603775
"V1360",0,0,238,17.0727149603775
"V1361",0,0,238,17.0727149603775
"V1362",0,0,238,17.0727149603775
"V1363",0,0,238,17.0727149603775
"V1364",0,0,238,17.0727149603775
"V1365",0,0,238,17.0727149603775
"V1366",0,0,238,17.0727149603775
"V1367",0,0,238,17.0727149603775
"V1368",0,0,238,17.0727149603775
"V1369",0,0,238,17.0727149603775
"V1370",0,0,238,17.0727149603775
"V1371",0,0,238,17.0727149603775
"V1372",0,0,238,17.0727149603775
"V1373",0,0,238,17.0727149603775
"V1374",1,0.0107053084177693,237,17.0620096519597
"V1375",0,0,237,17.0620096519597
"V1376",0,0,237,17.0620096519597
"V1377",0,0,237,17.0620096519597
"V1378",0,0,237,17.0620096519597
"V1379",1,0.809315960738676,236,16.252693691221
"V1380",0,0,236,16.252693691221
"V1381",0,0,236,16.252693691221
"V1382",0,0,236,16.252693691221
"V1383",0,0,236,16.252693691221
"V1384",0,0,236,16.252693691221
"V1385",0,0,236,16.252693691221
"V1386",1,0.233694513893354,235,16.0189991773277
"V1387",1,0.740728484918938,234,15.2782706924087
"V1388",0,0,234,15.2782706924087
"V1389",1,0.0607779483651036,233,15.2174927440436
"V1390",0,0,233,15.2174927440436
"V1391",0,0,233,15.2174927440436
"V1392",1,0.0501229864492032,232,15.1673697575944
"V1393",0,0,232,15.1673697575944
"V1394",0,0,232,15.1673697575944
"V1395",0,0,232,15.1673697575944
"V1396",0,0,232,15.1673697575944
"V1397",0,0,232,15.1673697575944
"V1398",0,0,232,15.1673697575944
"V1399",0,0,232,15.1673697575944
"V1400",0,0,232,15.1673697575944
"V1401",0,0,232,15.1673697575944
"V1402",0,0,232,15.1673697575944
"V1403",0,0,232,15.1673697575944
"V1404",1,0.453714969939947,231,14.7136547876545
"V1405",0,0,231,14.7136547876545
"V1406",0,0,231,14.7136547876545
"V1407",0,0,231,14.7136547876545
"V1408",0,0,231,14.7136547876545
"V1409",0,0,231,14.7136547876545
"V1410",0,0,231,14.7136547876545
"V1411",0,0,231,14.7136547876545
"V1412",1,0.469103549029038,230,14.2445512386254
"V1413",0,0,230,14.2445512386254
"V1414",0,0,230,14.2445512386254
"V1415",0,0,230,14.2445512386254
"V1416",0,0,230,14.2445512386254
"V1417",0,0,230,14.2445512386254
"V1418",1,0.0256535340271249,229,14.2188977045983
"V1419",0,0,229,14.2188977045983
"V1420",1,0.0118032528068994,228,14.2070944517914
"V1421",1,0.03000380511949,227,14.1770906466719
"V1422",1,0.140260454564322,226,14.0368301921076
"V1423",1,0.0370157205294923,225,13.9998144715781
"V1424",1,0.0609132647987582,224,13.9389012067793
"V1425",0,0,224,13.9389012067793
"V1426",0,0,224,13.9389012067793
"V1427",1,0.770954685982021,223,13.1679465207973
"V1428",0,0,223,13.1679465207973
"V1429",0,0,223,13.1679465207973
"V1430",0,0,223,13.1679465207973
"V1431",0,0,223,13.1679465207973
"V1432",1,0.030003663381903,222,13.1379428574154
"V1433",1,0.553055064079656,221,12.5848877933358
"V1434",1,0.00648957038475295,220,12.578398222951
"V1435",0,0,220,12.578398222951
"V1436",0,0,220,12.578398222951
"V1437",1,0.0425772313009318,219,12.5358209916501
"V1438",0,0,219,12.5358209916501
"V1439",0,0,219,12.5358209916501
"V1440",0,0,219,12.5358209916501
"V1441",0,0,219,12.5358209916501
"V1442",1,0.0486088343430904,218,12.487212157307
"V1443",0,0,218,12.487212157307
"V1444",1,0.397746930580503,217,12.0894652267265
"V1445",1,0.0237698326451294,216,12.0656953940814
"V1446",1,3.70482388989859,215,8.36087150418276
"V1447",1,0.660611978837838,214,7.70025952534492
"V1448",1,0.224059375358292,213,7.47620014998663
"V1449",0,0,213,7.47620014998663
"V1450",1,0.00655300642117496,212,7.46964714356545
"V1451",1,0.0387154740571249,211,7.43093166950833
"V1452",1,0.00882439903780519,210,7.42210727047052
"V1453",0,0,210,7.42210727047052
"V1454",1,0.0217514447350213,209,7.4003558257355
"V1455",0,0,209,7.4003558257355
"V1456",1,0.0433334713951128,208,7.35702235434039
"V1457",0,0,208,7.35702235434039
"V1458",1,0.017472021016034,207,7.33955033332436
"V1459",1,0.0226637612613629,206,7.31688657206299
"V1460",0,0,206,7.31688657206299
"V1461",1,0.291806809493059,205,7.02507976256993
"V1462",1,0.134290201929606,204,6.89078956064033
"V1463",1,0.164603488510432,203,6.7261860721299
"V1464",1,0.155211063037044,202,6.57097500909285
"V1465",1,0.0702398178681953,201,6.50073519122466
"V1466",1,0.0106993132723847,200,6.49003587795227
"V1467",1,0.0108941347615259,199,6.47914174319075
"V1468",0,0,199,6.47914174319075
"V1469",1,0.255359343605003,198,6.22378239958574
"V1470",1,0.0500861207037433,197,6.173696278882
"V1471",1,0.292989274165894,196,5.88070700471611
"V1472",0,0,196,5.88070700471611
"V1473",1,0.00297729867165053,195,5.87772970604446
"V1474",1,0.333778475895297,194,5.54395123014916
"V1475",1,0.137519758966119,193,5.40643147118304
"V1476",1,0.299248000287235,192,5.10718347089581
"V1477",1,0.0431548310581311,191,5.06402863983767
"V1478",1,0.024165470662572,190,5.0398631691751
"V1479",1,0.174318578520266,189,4.86554459065484
"V1480",0,0,189,4.86554459065484
"V1481",1,0.0272395394686997,188,4.83830505118614
"V1482",0,0,188,4.83830505118614
"V1483",1,0.0637215496861465,187,4.77458350149999
"V1484",1,0.0132480234876313,186,4.76133547801236
"V1485",0,0,186,4.76133547801236
"V1486",0,0,186,4.76133547801236
"V1487",1,0.658141636233894,185,4.10319384177847
"V1488",0,0,185,4.10319384177847
"V1489",0,0,185,4.10319384177847
"V1490",1,0.559151640738086,184,3.54404220104038
"V1491",0,0,184,3.54404220104038
"V1492",1,0.367833725502849,183,3.17620847553753
"V1493",0,0,183,3.17620847553753
"V1494",0,0,183,3.17620847553753
"V1495",1,0.719794679859363,182,2.45641379567817
"V1496",0,0,182,2.45641379567817
"V1497",0,0,182,2.45641379567817
"V1498",1,0.0890596645705335,181,2.36735413110763
"V1499",1,0.100142716468936,180,2.2672114146387
"V1500",1,0.387467307342451,179,1.87974410729625
"V1501",0,0,179,1.87974410729625
"V1502",1,0.00130555022967371,178,1.87843855706657
"V1503",0,0,178,1.87843855706657
"V1504",0,0,178,1.87843855706657
"V1505",0,0,178,1.87843855706657
"V1506",0,0,178,1.87843855706657
"V1507",1,0.336038741262108,177,1.54239981580447
"V1508",0,0,177,1.54239981580447
"V1509",0,0,177,1.54239981580447
"V1510",0,0,177,1.54239981580447
"V1511",0,0,177,1.54239981580447
"V1512",0,0,177,1.54239981580447
"V1513",0,0,177,1.54239981580447
"V1514",0,0,177,1.54239981580447
"V1515",0,0,177,1.54239981580447
"V1516",0,0,177,1.54239981580447
"V1517",1,0.0241981851600683,176,1.5182016306444
"V1518",0,0,176,1.5182016306444
"V1519",1,0.0638635356712793,175,1.45433809497312
"V1520",0,0,175,1.45433809497312
"V1521",0,0,175,1.45433809497312
"V1522",0,0,175,1.45433809497312
"V1523",0,0,175,1.45433809497312
"V1524",0,0,175,1.45433809497312
"V1525",1,0.0994297590611664,174,1.35490833591195
"V1526",0,0,174,1.35490833591195
"V1527",0,0,174,1.35490833591195
"V1528",0,0,174,1.35490833591195
"V1529",0,0,174,1.35490833591195
"V1530",1,0.015705143594744,173,1.33920319231721
"V1531",0,0,173,1.33920319231721
"V1532",0,0,173,1.33920319231721
"V1533",0,0,173,1.33920319231721
"V1534",1,0.0166320406181226,172,1.32257115169908
"V1535",1,0.124120733667642,171,1.19845041803144
"V1536",1,0.203922778655022,170,0.994527639376421
"V1537",0,0,170,0.994527639376421
"V1538",0,0,170,0.994527639376421
"V1539",0,0,170,0.994527639376421
"V1540",0,0,170,0.994527639376421
"V1541",1,0.000521449464330637,169,0.994006189912091
"V1542",1,3.76260788367277e-05,168,0.993968563833254
"V1543",0,0,168,0.993968563833254
"V1544",1,2.42800325725989e-05,167,0.993944283800681
"V1545",0,0,167,0.993944283800681
"V1546",1,2.83063025319219e-06,166,0.993941453170428
"V1547",1,6.88511699542538e-06,165,0.993934568053433
"V1548",0,0,165,0.993934568053433
"V1549",1,0,164,0.993939882676661
"V1550",1,1.95080969489503e-06,163,0.993937931866966
"V1551",0,0,163,0.993937931866966
"V1552",1,0,162,0.994274535791325
"V1553",1,0.00028225302657725,161,0.993992282764748
"V1554",0,0,161,0.993992282764748
"V1555",0,0,161,0.993992282764748
"V1556",0,0,161,0.993992282764748
"V1557",0,0,161,0.993992282764748
"V1558",0,0,161,0.993992282764748
"V1559",0,0,161,0.993992282764748
"V1560",0,0,161,0.993992282764748
"V1561",0,0,161,0.993992282764748
"V1562",0,0,161,0.993992282764748
"V1563",0,0,161,0.993992282764748
"V1564",0,0,161,0.993992282764748
"V1565",0,0,161,0.993992282764748
"V1566",0,0,161,0.993992282764748
"V1567",0,0,161,0.993992282764748
"V1568",0,0,161,0.993992282764748
"V1569",0,0,161,0.993992282764748
"V1570",0,0,161,0.993992282764748
"V1571",1,1.76792011515881e-05,160,0.993974603563596
"V1572",0,0,160,0.993974603563596
"V1573",0,0,160,0.993974603563596
"V1574",0,0,160,0.993974603563596
"V1575",0,0,160,0.993974603563596
"V1576",0,0,160,0.993974603563596
"V1577",0,0,160,0.993974603563596
"V1578",0,0,160,0.993974603563596
"V1579",0,0,160,0.993974603563596
"V1580",0,0,160,0.993974603563596
"V1581",0,0,160,0.993974603563596
"V1582",0,0,160,0.993974603563596
"V1583",0,0,160,0.993974603563596
"V1584",0,0,160,0.993974603563596
"V1585",0,0,160,0.993974603563596
"V1586",0,0,160,0.993974603563596
"V1587",1,0,159,0.994141888871308
"V1588",0,0,159,0.994141888871308
"V1589",1,0,158,0.994408620620524
"V1590",0,0,158,0.994408620620524
"V1591",1,0,157,0.994631276839092
"V1592",0,0,157,0.994631276839092
"V1593",0,0,157,0.994631276839092
"V1594",0,0,157,0.994631276839092
"V1595",0,0,157,0.994631276839092
"V1596",0,0,157,0.994631276839092
"V1597",0,0,157,0.994631276839092
"V1598",0,0,157,0.994631276839092
"V1599",0,0,157,0.994631276839092
"V1600",0,0,157,0.994631276839092
"V1601",0,0,157,0.994631276839092
"V1602",0,0,157,0.994631276839092
"V1603",0,0,157,0.994631276839092
"V1604",0,0,157,0.994631276839092
"V1605",0,0,157,0.994631276839092
"V1606",0,0,157,0.994631276839092
"V1607",1,0,156,0.994791927596874
"V1608",0,0,156,0.994791927596874
"V1609",0,0,156,0.994791927596874
"V1610",0,0,156,0.994791927596874
"V1611",0,0,156,0.994791927596874
"V1612",0,0,156,0.994791927596874
"V1613",0,0,156,0.994791927596874
"V1614",0,0,156,0.994791927596874
"V1615",0,0,156,0.994791927596874
"V1616",0,0,156,0.994791927596874
"V1617",0,0,156,0.994791927596874
"V1618",0,0,156,0.994791927596874
"V1619",0,0,156,0.994791927596874
"V1620",0,0,156,0.994791927596874
"V1621",0,0,156,0.994791927596874
"V1622",0,0,156,0.994791927596874
"V1623",0,0,156,0.994791927596874
"V1624",0,0,156,0.994791927596874
"V1625",0,0,156,0.994791927596874
"V1626",0,0,156,0.994791927596874
"V1627",0,0,156,0.994791927596874
"V1628",0,0,156,0.994791927596874
"V1629",0,0,156,0.994791927596874
"V1630",0,0,156,0.994791927596874
"V1631",0,0,156,0.994791927596874
"V1632",0,0,156,0.994791927596874
"V1633",0,0,156,0.994791927596874
"V1634",0,0,156,0.994791927596874
"V1635",0,0,156,0.994791927596874
"V1636",0,0,156,0.994791927596874
"V1637",0,0,156,0.994791927596874
"V1638",0,0,156,0.994791927596874
"V1639",0,0,156,0.994791927596874
"V1640",0,0,156,0.994791927596874
"V1641",0,0,156,0.994791927596874
"V1642",0,0,156,0.994791927596874
"V1643",0,0,156,0.994791927596874
"V1644",0,0,156,0.994791927596874
"V1645",0,0,156,0.994791927596874
"V1646",0,0,156,0.994791927596874
"V1647",0,0,156,0.994791927596874
"V1648",0,0,156,0.994791927596874
"V1649",0,0,156,0.994791927596874
"V1650",0,0,156,0.994791927596874
"V1651",0,0,156,0.994791927596874
"V1652",0,0,156,0.994791927596874
"V1653",0,0,156,0.994791927596874
"V1654",0,0,156,0.994791927596874
"V1655",0,0,156,0.994791927596874
"V1656",1,0.000353702301996717,155,0.994438225294877
"V1657",0,0,155,0.994438225294877
"V1658",0,0,155,0.994438225294877
"V1659",0,0,155,0.994438225294877
"V1660",0,0,155,0.994438225294877
"V1661",1,0,154,0.996807152136997
"V1662",0,0,154,0.996807152136997
"V1663",0,0,154,0.996807152136997
"V1664",1,0.000795812389966288,153,0.99601133974703
"V1665",0,0,153,0.99601133974703
"V1666",0,0,153,0.99601133974703
"V1667",0,0,153,0.99601133974703
"V1668",1,0,152,1.00427357641656
"V1669",0,0,152,1.00427357641656
"V1670",0,0,152,1.00427357641656
"V1671",0,0,152,1.00427357641656
"V1672",0,0,152,1.00427357641656
"V1673",1,0.00559935236971021,151,0.998674224046846
"V1674",0,0,151,0.998674224046846
"V1675",0,0,151,0.998674224046846
"V1676",0,0,151,0.998674224046846
"V1677",0,0,151,0.998674224046846
"V1678",1,0,150,1.00824799804404
"V1679",0,0,150,1.00824799804404
"V1680",0,0,150,1.00824799804404
"V1681",0,0,150,1.00824799804404
"V1682",1,0.00522716351304808,149,1.00302083453099
"V1683",0,0,149,1.00302083453099
"V1684",0,0,149,1.00302083453099
"V1685",0,0,149,1.00302083453099
"V1686",0,0,149,1.00302083453099
"V1687",0,0,149,1.00302083453099
"V1688",0,0,149,1.00302083453099
"V1689",0,0,149,1.00302083453099
"V1690",0,0,149,1.00302083453099
"V1691",0,0,149,1.00302083453099
"V1692",1,0.00381006663666006,148,0.999210767894329
"V1693",0,0,148,0.999210767894329
"V1694",0,0,148,0.999210767894329
"V1695",0,0,148,0.999210767894329
"V1696",0,0,148,0.999210767894329
"V1697",0,0,148,0.999210767894329
"V1698",0,0,148,0.999210767894329
"V1699",0,0,148,0.999210767894329
"V1700",0,0,148,0.999210767894329
"V1701",0,0,148,0.999210767894329
"V1702",0,0,148,0.999210767894329
"V1703",0,0,148,0.999210767894329
"V1704",0,0,148,0.999210767894329
"V1705",0,0,148,0.999210767894329
"V1706",1,0,147,1.00754333420154
"V1707",0,0,147,1.00754333420154
"V1708",0,0,147,1.00754333420154
"V1709",0,0,147,1.00754333420154
"V1710",0,0,147,1.00754333420154
"V1711",0,0,147,1.00754333420154
"V1712",0,0,147,1.00754333420154
"V1713",0,0,147,1.00754333420154
"V1714",0,0,147,1.00754333420154
"V1715",0,0,147,1.00754333420154
"V1716",1,0,146,1.42996614576484
"V1717",0,0,146,1.42996614576484
"V1718",0,0,146,1.42996614576484
"V1719",0,0,146,1.42996614576484
"V1720",1,0,145,3.13771056536957
"V1721",1,1.20458356702656,144,1.93312699834301
"V1722",0,0,144,1.93312699834301
"V1723",1,0.755943047308927,143,1.17718395103408
"V1724",1,0.161648722300405,142,1.01553522873368
"V1725",0,0,142,1.01553522873368
"V1726",1,0,141,1.21736831155149
"V1727",1,0,140,2.12002011449921
"V1728",0,0,140,2.12002011449921
"V1729",0,0,140,2.12002011449921
"V1730",0,0,140,2.12002011449921
"V1731",0,0,140,2.12002011449921
"V1732",0,0,140,2.12002011449921
"V1733",0,0,140,2.12002011449921
"V1734",0,0,140,2.12002011449921
"V1735",0,0,140,2.12002011449921
"V1736",0,0,140,2.12002011449921
"V1737",0,0,140,2.12002011449921
"V1738",0,0,140,2.12002011449921
"V1739",0,0,140,2.12002011449921
"V1740",1,1.0203663979669,139,1.09965371653231
"V1741",0,0,139,1.09965371653231
"V1742",1,0.037551071910451,138,1.06210264462186
"V1743",0,0,138,1.06210264462186
"V1744",0,0,138,1.06210264462186
"V1745",0,0,138,1.06210264462186
"V1746",0,0,138,1.06210264462186
"V1747",0,0,138,1.06210264462186
"V1748",0,0,138,1.06210264462186
"V1749",0,0,138,1.06210264462186
"V1750",1,0,137,1.1138102049242
"V1751",0,0,137,1.1138102049242
"V1752",0,0,137,1.1138102049242
"V1753",0,0,137,1.1138102049242
"V1754",0,0,137,1.1138102049242
"V1755",0,0,137,1.1138102049242
"V1756",0,0,137,1.1138102049242
"V1757",0,0,137,1.1138102049242
"V1758",0,0,137,1.1138102049242
"V1759",1,0,136,3.55656863416298
"V1760",0,0,136,3.55656863416298
"V1761",0,0,136,3.55656863416298
"V1762",0,0,136,3.55656863416298
"V1763",0,0,136,3.55656863416298
"V1764",0,0,136,3.55656863416298
"V1765",1,1.0678522872328,135,2.48871634693018
"V1766",0,0,135,2.48871634693018
"V1767",0,0,135,2.48871634693018
"V1768",0,0,135,2.48871634693018
"V1769",1,0,134,7.78288229131002
"V1770",1,0,133,10.659941850812
"V1771",0,0,133,10.659941850812
"V1772",1,9.17129505671545,132,1.48864679409657
"V1773",0,0,132,1.48864679409657
"V1774",0,0,132,1.48864679409657
"V1775",1,0,131,2.96874710536912
"V1776",0,0,131,2.96874710536912
"V1777",0,0,131,2.96874710536912
"V1778",0,0,131,2.96874710536912
"V1779",0,0,131,2.96874710536912
"V1780",0,0,131,2.96874710536912
"V1781",0,0,131,2.96874710536912
"V1782",0,0,131,2.96874710536912
"V1783",0,0,131,2.96874710536912
"V1784",0,0,131,2.96874710536912
"V1785",0,0,131,2.96874710536912
"V1786",1,0,130,3.07791685422882
"V1787",0,0,130,3.07791685422882
"V1788",0,0,130,3.07791685422882
"V1789",0,0,130,3.07791685422882
"V1790",0,0,130,3.07791685422882
"V1791",0,0,130,3.07791685422882
"V1792",0,0,130,3.07791685422882
"V1793",0,0,130,3.07791685422882
"V1794",0,0,130,3.07791685422882
"V1795",0,0,130,3.07791685422882
"V1796",0,0,130,3.07791685422882
"V1797",0,0,130,3.07791685422882
"V1798",0,0,130,3.07791685422882
"V1799",0,0,130,3.07791685422882
"V1800",0,0,130,3.07791685422882
"V1801",1,0.714524300001192,129,2.36339255422763
"V1802",0,0,129,2.36339255422763
"V1803",0,0,129,2.36339255422763
"V1804",0,0,129,2.36339255422763
"V1805",0,0,129,2.36339255422763
"V1806",0,0,129,2.36339255422763
"V1807",0,0,129,2.36339255422763
"V1808",0,0,129,2.36339255422763
"V1809",0,0,129,2.36339255422763
"V1810",0,0,129,2.36339255422763
"V1811",1,0.646330147970939,128,1.71706240625669
"V1812",0,0,128,1.71706240625669
"V1813",0,0,128,1.71706240625669
"V1814",0,0,128,1.71706240625669
"V1815",0,0,128,1.71706240625669
"V1816",0,0,128,1.71706240625669
"V1817",0,0,128,1.71706240625669
"V1818",0,0,128,1.71706240625669
"V1819",0,0,128,1.71706240625669
"V1820",0,0,128,1.71706240625669
"V1821",0,0,128,1.71706240625669
"V1822",0,0,128,1.71706240625669
"V1823",0,0,128,1.71706240625669
"V1824",0,0,128,1.71706240625669
"V1825",1,0.157379471550056,127,1.55968293470663
"V1826",1,0,126,3.57172554014756
"V1827",0,0,126,3.57172554014756
"V1828",0,0,126,3.57172554014756
"V1829",0,0,126,3.57172554014756
"V1830",0,0,126,3.57172554014756
"V1831",0,0,126,3.57172554014756
"V1832",0,0,126,3.57172554014756
"V1833",0,0,126,3.57172554014756
"V1834",0,0,126,3.57172554014756
"V1835",0,0,126,3.57172554014756
"V1836",0,0,126,3.57172554014756
"V1837",0,0,126,3.57172554014756
"V1838",1,2.24742708849183,125,1.32429845165573
"V1839",0,0,125,1.32429845165573
"V1840",1,0,124,7.07874361951164
"V1841",0,0,124,7.07874361951164
"V1842",1,3.90912559758904,123,3.1696180219226
"V1843",1,0,122,845.856159239587
"V1844",0,0,122,845.856159239587
"V1845",0,0,122,845.856159239587
"V1846",0,0,122,845.856159239587
"V1847",1,0,121,1696.22378797582
"V1848",1,1670.40857864163,120,25.8152093341923
"V1849",0,0,120,25.8152093341923
"V1850",0,0,120,25.8152093341923
"V1851",0,0,120,25.8152093341923
"V1852",0,0,120,25.8152093341923
"V1853",0,0,120,25.8152093341923
"V1854",0,0,120,25.8152093341923
"V1855",0,0,120,25.8152093341923
"V1856",0,0,120,25.8152093341923
"V1857",0,0,120,25.8152093341923
"V1858",0,0,120,25.8152093341923
"V1859",0,0,120,25.8152093341923
"V1860",0,0,120,25.8152093341923
"V1861",0,0,120,25.8152093341923
"V1862",1,0,119,555.540077734909
"V1863",0,0,119,555.540077734909
"V1864",1,316.906631843019,118,238.63344589189
"V1865",0,0,118,238.63344589189
"V1866",0,0,118,238.63344589189
"V1867",0,0,118,238.63344589189
"V1868",1,0,117,299.788046562595
"V1869",0,0,117,299.788046562595
"V1870",0,0,117,299.788046562595
"V1871",0,0,117,299.788046562595
"V1872",0,0,117,299.788046562595
"V1873",0,0,117,299.788046562595
"V1874",0,0,117,299.788046562595
"V1875",0,0,117,299.788046562595
"V1876",0,0,117,299.788046562595
"V1877",1,0,116,615.169462562343
"V1878",0,0,116,615.169462562343
"V1879",0,0,116,615.169462562343
"V1880",0,0,116,615.169462562343
"V1881",1,493.399365276405,115,121.770097285938
"V1882",0,0,115,121.770097285938
"V1883",1,3.41505341349237,114,118.355043872446
"V1884",0,0,114,118.355043872446
"V1885",0,0,114,118.355043872446
"V1886",0,0,114,118.355043872446
"V1887",0,0,114,118.355043872446
"V1888",0,0,114,118.355043872446
"V1889",0,0,114,118.355043872446
"V1890",1,0,113,403.20757554658
"V1891",0,0,113,403.20757554658
"V1892",0,0,113,403.20757554658
"V1893",0,0,113,403.20757554658
"V1894",0,0,113,403.20757554658
"V1895",0,0,113,403.20757554658
"V1896",1,0,112,6998.01888325509
"V1897",1,6907.29745292761,111,90.7214303274875
"V1898",0,0,111,90.7214303274875
"V1899",1,57.4049448729301,110,33.3164854545573
"V1900",0,0,110,33.3164854545573
"V1901",0,0,110,33.3164854545573
"V1902",0,0,110,33.3164854545573
"V1903",0,0,110,33.3164854545573
"V1904",0,0,110,33.3164854545573
"V1905",0,0,110,33.3164854545573
"V1906",1,0,109,2327.62127761903
"V1907",0,0,109,2327.62127761903
"V1908",0,0,109,2327.62127761903
"V1909",0,0,109,2327.62127761903
"V1910",0,0,109,2327.62127761903
"V1911",0,0,109,2327.62127761903
"V1912",0,0,109,2327.62127761903
"V1913",0,0,109,2327.62127761903
"V1914",0,0,109,2327.62127761903
"V1915",0,0,109,2327.62127761903
"V1916",0,0,109,2327.62127761903
"V1917",0,0,109,2327.62127761903
"V1918",0,0,109,2327.62127761903
"V1919",1,737.353843585549,108,1590.26743403348
"V1920",0,0,108,1590.26743403348
"V1921",1,1586.63427865735,107,3.63315537613638
"V1922",0,0,107,3.63315537613638
"V1923",0,0,107,3.63315537613638
"V1924",0,0,107,3.63315537613638
"V1925",0,0,107,3.63315537613638
"V1926",0,0,107,3.63315537613638
"V1927",0,0,107,3.63315537613638
"V1928",0,0,107,3.63315537613638
"V1929",0,0,107,3.63315537613638
"V1930",0,0,107,3.63315537613638
"V1931",0,0,107,3.63315537613638
"V1932",0,0,107,3.63315537613638
"V1933",0,0,107,3.63315537613638
"V1934",0,0,107,3.63315537613638
"V1935",0,0,107,3.63315537613638
"V1936",0,0,107,3.63315537613638
"V1937",0,0,107,3.63315537613638
"V1938",0,0,107,3.63315537613638
"V1939",0,0,107,3.63315537613638
"V1940",1,0,106,314.415358611453
"V1941",0,0,106,314.415358611453
"V1942",0,0,106,314.415358611453
"V1943",0,0,106,314.415358611453
"V1944",0,0,106,314.415358611453
"V1945",0,0,106,314.415358611453
"V1946",0,0,106,314.415358611453
"V1947",0,0,106,314.415358611453
"V1948",0,0,106,314.415358611453
"V1949",0,0,106,314.415358611453
"V1950",0,0,106,314.415358611453
"V1951",0,0,106,314.415358611453
"V1952",0,0,106,314.415358611453
"V1953",0,0,106,314.415358611453
"V1954",0,0,106,314.415358611453
"V1955",0,0,106,314.415358611453
"V1956",0,0,106,314.415358611453
"V1957",0,0,106,314.415358611453
"V1958",0,0,106,314.415358611453
"V1959",0,0,106,314.415358611453
"V1960",0,0,106,314.415358611453
"V1961",0,0,106,314.415358611453
"V1962",1,308.728453887742,105,5.68690472371131
"V1963",0,0,105,5.68690472371131
"V1964",0,0,105,5.68690472371131
"V1965",0,0,105,5.68690472371131
"V1966",1,0,104,1161.53076874766
"V1967",0,0,104,1161.53076874766
"V1968",0,0,104,1161.53076874766
"V1969",0,0,104,1161.53076874766
"V1970",0,0,104,1161.53076874766
"V1971",0,0,104,1161.53076874766
"V1972",0,0,104,1161.53076874766
"V1973",0,0,104,1161.53076874766
"V1974",0,0,104,1161.53076874766
"V1975",0,0,104,1161.53076874766
"V1976",0,0,104,1161.53076874766
"V1977",1,987.030967646223,103,174.499801101437
"V1978",0,0,103,174.499801101437
"V1979",1,142.529127140452,102,31.9706739609857
"V1980",0,0,102,31.9706739609857
"V1981",0,0,102,31.9706739609857
"V1982",0,0,102,31.9706739609857
"V1983",0,0,102,31.9706739609857
"V1984",0,0,102,31.9706739609857
"V1985",0,0,102,31.9706739609857
"V1986",0,0,102,31.9706739609857
"V1987",0,0,102,31.9706739609857
"V1988",0,0,102,31.9706739609857
"V1989",1,0,101,160.745290371686
"V1990",0,0,101,160.745290371686
"V1991",0,0,101,160.745290371686
"V1992",0,0,101,160.745290371686
"V1993",0,0,101,160.745290371686
"V1994",0,0,101,160.745290371686
"V1995",0,0,101,160.745290371686
"V1996",0,0,101,160.745290371686
"V1997",0,0,101,160.745290371686
"V1998",1,0,100,1216.95031820207
"V1999",0,0,100,1216.95031820207
"V2000",0,0,100,1216.95031820207
"V2001",1,317.804159194505,99,899.146159007566
"V2002",0,0,99,899.146159007566
"V2003",0,0,99,899.146159007566
"V2004",0,0,99,899.146159007566
"V2005",0,0,99,899.146159007566
"V2006",0,0,99,899.146159007566
"V2007",0,0,99,899.146159007566
"V2008",0,0,99,899.146159007566
"V2009",0,0,99,899.146159007566
"V2010",0,0,99,899.146159007566
"V2011",0,0,99,899.146159007566
"V2012",0,0,99,899.146159007566
"V2013",0,0,99,899.146159007566
"V2014",0,0,99,899.146159007566
"V2015",0,0,99,899.146159007566
"V2016",0,0,99,899.146159007566
"V2017",0,0,99,899.146159007566
"V2018",0,0,99,899.146159007566
"V2019",0,0,99,899.146159007566
"V2020",0,0,99,899.146159007566
"V2021",1,0,98,6872.73488650703
"V2022",0,0,98,6872.73488650703
"V2023",0,0,98,6872.73488650703
"V2024",1,5883.27067182813,97,989.464214678895
"V2025",0,0,97,989.464214678895
"V2026",0,0,97,989.464214678895
"V2027",0,0,97,989.464214678895
"V2028",0,0,97,989.464214678895
"V2029",0,0,97,989.464214678895
"V2030",0,0,97,989.464214678895
"V2031",0,0,97,989.464214678895
"V2032",0,0,97,989.464214678895
"V2033",0,0,97,989.464214678895
"V2034",0,0,97,989.464214678895
"V2035",0,0,97,989.464214678895
"V2036",0,0,97,989.464214678895
"V2037",0,0,97,989.464214678895
"V2038",0,0,97,989.464214678895
"V2039",0,0,97,989.464214678895
"V2040",0,0,97,989.464214678895
"V2041",0,0,97,989.464214678895
"V2042",0,0,97,989.464214678895
"V2043",0,0,97,989.464214678895
"V2044",0,0,97,989.464214678895
"V2045",0,0,97,989.464214678895
"V2046",0,0,97,989.464214678895
"V2047",0,0,97,989.464214678895
"V2048",0,0,97,989.464214678895
"V2049",0,0,97,989.464214678895
"V2050",0,0,97,989.464214678895
"V2051",0,0,97,989.464214678895
"V2052",0,0,97,989.464214678895
"V2053",0,0,97,989.464214678895
"V2054",0,0,97,989.464214678895
"V2055",0,0,97,989.464214678895
"V2056",0,0,97,989.464214678895
"V2057",0,0,97,989.464214678895
"V2058",0,0,97,989.464214678895
"V2059",0,0,97,989.464214678895
"V2060",0,0,97,989.464214678895
"V2061",0,0,97,989.464214678895
"V2062",0,0,97,989.464214678895
"V2063",0,0,97,989.464214678895
"V2064",0,0,97,989.464214678895
"V2065",0,0,97,989.464214678895
"V2066",0,0,97,989.464214678895
"V2067",0,0,97,989.464214678895
"V2068",0,0,97,989.464214678895
"V2069",0,0,97,989.464214678895
"V2070",0,0,97,989.464214678895
"V2071",0,0,97,989.464214678895
"V2072",0,0,97,989.464214678895
"V2073",0,0,97,989.464214678895
"V2074",0,0,97,989.464214678895
"V2075",0,0,97,989.464214678895
"V2076",0,0,97,989.464214678895
"V2077",0,0,97,989.464214678895
"V2078",0,0,97,989.464214678895
"V2079",0,0,97,989.464214678895
"V2080",0,0,97,989.464214678895
"V2081",0,0,97,989.464214678895
"V2082",0,0,97,989.464214678895
