"","Df","Sum Sq","Mean Sq","F value","Pr(>F)"
"V12",1,0.0708212050453594,0.0708212050453594,11.5438231298659,0.00085544100816115
"V36",1,0.0710530256838117,0.0710530256838117,11.5816097849565,0.000839377911801058
"V37",1,0.989227916492193,0.989227916492193,161.243685359459,4.40247242698185e-26
"V38",1,0.159533682619127,0.159533682619127,26.0039152713067,9.4209564399543e-07
"V61",1,0.0253036671779626,0.0253036671779626,4.12448585494004,0.0439018847925447
"V63",1,0.427768840591043,0.427768840591043,69.7261199253539,2.87801398259096e-14
"V64",1,0.076639261891464,0.076639261891464,12.4921636607552,0.000532841917569648
"V73",1,0.148117907828814,0.148117907828814,24.1431493469574,2.1721391044231e-06
"V98",1,0.139521338945538,0.139521338945538,22.7419126601673,4.10321033480288e-06
"V106",1,0.0778837614962931,0.0778837614962931,12.6950165113123,0.000481825592239621
"V108",1,0.0781511417889384,0.0781511417889384,12.7385993733199,0.000471531874098907
"V114",1,0.015662435199942,0.015662435199942,2.55296957479494,0.112035856082721
"V116",1,0.00215590892614796,0.00215590892614796,0.351412141485186,0.554141440704946
"V119",1,0.0997545906780414,0.0997545906780414,16.2599513866213,8.48347762324355e-05
"V138",1,0.383754062107514,0.383754062107514,62.5517317235624,3.81529578188104e-13
"V140",1,0.153363837002068,0.153363837002068,24.9982333361252,1.47778827951751e-06
"V141",1,0.24923802696476,0.24923802696476,40.6256812302923,1.83624709990368e-09
"V142",1,0.428331678679141,0.428331678679141,69.8178622691279,2.7859700615627e-14
"V143",1,0.00123690559418211,0.00123690559418211,0.20161503039146,0.654020470785719
"V145",1,0.84688154754111,0.84688154754111,138.041294136414,1.91027700347437e-23
"V146",1,0.00762489233549556,0.00762489233549556,1.24285386627996,0.266572885698184
"V147",1,0.0769025447821934,0.0769025447821934,12.5350786481768,0.000521607530458105
"V148",1,0.205708058425705,0.205708058425705,33.5303168215444,3.54648888122307e-08
"V161",1,0.0832964340092819,0.0832964340092819,13.5772795864719,0.000311769135120341
"V163",1,0.0780200080285942,0.0780200080285942,12.7172246320289,0.000476551965147444
"V165",1,0.0777064957677697,0.0777064957677697,12.6661222808943,0.000488776226669347
"V166",1,0.0505054933130075,0.0505054933130075,8.23237166775924,0.00466385093587229
"V168",1,0.566754505693363,0.566754505693363,92.380718000893,1.37541367885718e-17
"V172",1,0.0755924409054424,0.0755924409054424,12.3215323321366,0.000580010463634703
"V173",1,0.0206816727903891,0.0206816727903891,3.37110294253115,0.0681824685649678
"V174",1,0.124141458589843,0.124141458589843,20.2349993921577,1.30080493439774e-05
"V176",1,0.147372162205051,0.147372162205051,24.0215931608537,2.29480440759586e-06
"V177",1,0.0132735420441864,0.0132735420441864,2.16358111340788,0.143254733330737
"V180",1,0.210700521197522,0.210700521197522,34.3440859064306,2.50991424637265e-08
"V181",1,0.0924886804676859,0.0924886804676859,15.0756114379843,0.000150116339175867
"V185",1,0.0889110600325107,0.0889110600325107,14.4924609888638,0.000199266557441268
"V186",1,0.0146011807709759,0.0146011807709759,2.37998560176137,0.124849824264755
"V188",1,0.0930854510014991,0.0930854510014991,15.1728847544584,0.000143209899251334
"V190",1,0.0292564088956543,0.0292564088956543,4.76878089676899,0.0304183683985791
"V192",1,0.05770811708032,0.05770811708032,9.40639595593072,0.00253467124716104
"V195",1,0.209528714085862,0.209528714085862,34.153081898088,2.72166553722284e-08
"V200",1,0.0944007060286493,0.0944007060286493,15.3872707055922,0.000129108308014693
"V201",1,0.0382726928418993,0.0382726928418993,6.23843094151815,0.0134990264891509
"V204",1,0.0954122799191332,0.0954122799191332,15.5521567742076,0.000119230711887313
"V207",1,0.0735018171988484,0.0735018171988484,11.9807616507486,0.00068739156115363
"V208",1,0.0714905076272551,0.0714905076272551,11.6529191360807,0.000809899047022518
"V210",1,0.189232644346481,0.189232644346481,30.8448320716019,1.12316247595981e-07
"V211",1,0.0785343514324124,0.0785343514324124,12.8010623650622,0.000457168871936502
"V212",1,0.00985752114921207,0.00985752114921207,1.60677131337337,0.206765213815452
"V215",1,0.0769021838165122,0.0769021838165122,12.5350198109404,0.000521622766304485
"V217",1,0.164253064801206,0.164253064801206,26.7731723484388,6.68977716730523e-07
"V218",1,0.0668913991375323,0.0668913991375323,10.903266614263,0.00118109732723622
"V219",1,0.339332934501402,0.339332934501402,55.3111088058115,5.66612561011691e-12
"V221",1,0.645676531425683,0.645676531425683,105.244971094597,2.43177749086339e-19
"V223",1,0.0279420686612748,0.0279420686612748,4.55454405642681,0.0343361820564237
"V224",1,0.247907263043149,0.247907263043149,40.4087673366521,2.00672937932897e-09
"V226",1,0.0182970165191471,0.0182970165191471,2.98240509132807,0.0860802086201138
"V227",1,4.7073647258237e-05,4.7073647258237e-05,0.00767298237411724,0.930306313629216
"V228",1,0.000139887639775217,0.000139887639775217,0.0228016195232096,0.880161962239257
"V229",1,0.155909183762629,0.155909183762629,25.4131236615478,1.22685827679705e-06
"V230",1,0.587865639504902,0.587865639504902,95.8218228879851,4.58029986108818e-18
"V231",1,0.459657263403394,0.459657263403394,74.9239178532541,4.65962293740288e-15
"V232",1,0.468472286285249,0.468472286285249,76.360762439119,2.83756308107738e-15
"V233",1,0.0944383453590194,0.0944383453590194,15.3934058987485,0.000128726252939871
"V235",1,0.0504873997934241,0.0504873997934241,8.22942243257277,0.00467106318663538
"V236",1,0.0141392228513263,0.0141392228513263,2.30468667802151,0.13093339158118
"V238",1,0.0907735287963365,0.0907735287963365,14.7960425218345,0.000171916203300093
"V251",1,0.13572249774345,0.13572249774345,22.1227033300343,5.44571561552243e-06
"V253",1,0.12696878199443,0.12696878199443,20.6958517780015,1.05053194999019e-05
"V255",1,0.967235830227213,0.967235830227213,157.658985636585,1.09242615257934e-25
"V259",1,0.16221371919035,0.16221371919035,26.4407599725505,7.75477954890178e-07
"V261",1,0.00443664620006258,0.00443664620006258,0.723171244975449,0.396360769379991
"V265",1,0.0148262722061231,0.0148262722061231,2.41667539987654,0.122000904017705
"V267",1,0.147277119374148,0.147277119374148,24.0061012240954,2.31093496606686e-06
"V269",1,0.242044422261598,0.242044422261598,39.4531270453375,2.97103465983266e-09
"V270",1,0.000344615216197359,0.000344615216197359,0.0561721182390907,0.812951127343455
"V271",1,0.079807282186334,0.079807282186334,13.008549479556,0.000412583772632315
"V275",1,0.0563588744873905,0.0563588744873905,9.18647004755222,0.00283917780869522
"V279",1,0.0143416922588392,0.0143416922588392,2.33768909626673,0.128227001372502
"V283",1,1.22472538214964,1.22472538214964,199.629661555995,4.72864818853631e-30
"V291",1,0.124479884334377,0.124479884334377,20.2901626294252,1.26790607681023e-05
"V300",1,0.0806851552566136,0.0806851552566136,13.1516423773299,0.000384443713459161
"V301",1,0.0428582954411542,0.0428582954411542,6.98588200953863,0.00902208768555275
"V306",1,0.0597951947426321,0.0597951947426321,9.74658863376771,0.00212811091264704
"V324",1,0.495856032131822,0.495856032131822,80.8243001392129,6.19845135348834e-16
"V326",1,0.209503575792532,0.209503575792532,34.1489843680924,2.7264014089417e-08
"V327",1,1.89872652156816,1.89872652156816,309.491530438236,2.02246089745086e-39
"V329",1,0.497238403258169,0.497238403258169,81.049625982965,5.74468589447046e-16
"V330",1,0.166309287271295,0.166309287271295,27.1083356444482,5.76583971954363e-07
"V333",1,4.28389029257074,4.28389029257074,698.272103863708,1.27767030521544e-60
"V334",1,0.783384807435221,0.783384807435221,127.691355348504,3.349957404377e-22
"V335",1,0.368764189427038,0.368764189427038,60.1083895232736,9.38453605826832e-13
"V336",1,0.451803614365877,0.451803614365877,73.6437767520815,7.26792374797878e-15
"V337",1,1.2005031396775,1.2005031396775,195.681447419734,1.15565086694078e-29
"V338",1,0.167836935544841,0.167836935544841,27.3573415949,5.16412413243898e-07
"V339",1,1.5261117447919,1.5261117447919,248.755496987171,1.49338485897149e-34
"V352",1,0.11848949936932,0.11848949936932,19.3137326961568,1.99845160598598e-05
"V355",1,0.0286956482083131,0.0286956482083131,4.67737716834185,0.0320289057117547
"V356",1,0.0763269901706263,0.0763269901706263,12.4412635170553,0.000546487547929754
"V357",1,0.0110294629297155,0.0110294629297155,1.79779727267421,0.181856079129458
"V364",1,0.00947768322999032,0.00947768322999032,1.54485791109923,0.215692099933415
"V384",1,0.0421666019683775,0.0421666019683775,6.87313629863605,0.00958382884980258
"V387",1,1.68446747099619,1.68446747099619,274.567405916609,1.05250675948544e-36
"V388",1,0.0960701802482729,0.0960701802482729,15.6593942185832,0.000113222903558351
"V390",1,10.3500738615464,10.3500738615464,1687.05717393846,1.45850302989465e-87
"V393",1,0.00148657253078286,0.00148657253078286,0.242310623690792,0.62320864243926
"V394",1,0.156202126622117,0.156202126622117,25.460873209934,1.20090155308778e-06
"V395",1,0.217669729383938,0.217669729383938,35.4800635646429,1.55331128377156e-08
"V397",1,0.191445153888716,0.191445153888716,31.2054700869017,9.6103610702321e-08
"V398",1,0.1532464047563,0.1532464047563,24.9790919352689,1.49054891211093e-06
"V399",1,0.376686204621017,0.376686204621017,61.3996742758112,5.82467957634122e-13
"V400",1,0.00378656366432754,0.00378656366432754,0.617208097249658,0.433234200831253
"V401",1,0.0106516112792355,0.0106516112792355,1.73620763127125,0.189480451319986
"V402",1,0.108522919068302,0.108522919068302,17.689184792307,4.29322814849779e-05
"V403",1,0.865965913159798,0.865965913159798,141.15203676084,8.23620093793096e-24
"V404",1,0.704224903373922,0.704224903373922,114.788328199001,1.38268362980958e-20
"V405",1,0.100251417971788,0.100251417971788,16.3409340019471,8.16054489729761e-05
"V407",1,0.834828982021395,0.834828982021395,136.076731622522,3.26458816549504e-23
"V410",1,0.297249655289688,0.297249655289688,48.4515540773422,7.98692999530831e-11
"V411",1,0.05088769303127,0.05088769303127,8.29467004216675,0.00451415237575412
"V414",1,0.781393519999761,0.781393519999761,127.366776432614,3.67093496562531e-22
"V415",1,0.0918155156857308,0.0918155156857308,14.9658858949754,0.000158315313604031
"V416",1,0.40999225408953,0.40999225408953,66.8285446822499,8.09050895938278e-14
"V417",1,0.410286874588664,0.410286874588664,66.8765676851098,7.95221144535971e-14
"V418",1,0.00687983731265364,0.00687983731265364,1.12141024780162,0.29119139137765
"V419",1,0.00148477546465029,0.00148477546465029,0.24201770275597,0.623418567837865
"V420",1,0.578813879624341,0.578813879624341,94.3463902826194,7.32555457102662e-18
"V421",1,0.277459387815418,0.277459387815418,45.2257497822954,2.8628210688183e-10
"V422",1,0.00298378617487202,0.00298378617487202,0.486355743848202,0.48655708705445
"V424",1,0.0101613125587638,0.0101613125587638,1.65628917032019,0.199940959828201
"V430",1,0.256032534712545,0.256032534712545,41.7331827991331,1.16889720619379e-09
"V433",1,0.00647030250479679,0.00647030250479679,1.05465626664025,0.305968089101464
"V437",1,0.201261098327391,0.201261098327391,32.8054644160026,4.83214640642708e-08
"V442",1,0.222144093656221,0.222144093656221,36.2093828376593,1.14335034131463e-08
"V446",1,0.0019057203431169,0.0019057203431169,0.310631520062936,0.578062181899826
"V449",1,0.305515458859311,0.305515458859311,49.7988761734972,4.71558737385356e-11
"V461",1,0.309118288232307,0.309118288232307,50.386135667632,3.75214554514793e-11
"V474",1,1.11974663826806,1.11974663826806,182.518175653034,2.4472504148495e-28
"V478",1,0.0214261455786268,0.0214261455786268,3.4924516570427,0.0634545866603034
"V481",1,0.0101326809986063,0.0101326809986063,1.65162223947401,0.200572604689841
"V485",1,0.0735616311908791,0.0735616311908791,11.9905113033315,0.000684053219336806
"V490",1,0.133737935031345,0.133737935031345,21.7992205408895,6.31670743998583e-06
"V534",1,0.148023826712623,0.148023826712623,24.1278141692451,2.18723984055145e-06
"V535",1,0.111875670510037,0.111875670510037,18.2356817012061,3.31583895214352e-05
"V536",1,0.000898432074081777,0.000898432074081777,0.146444005729019,0.70245864179272
"V537",1,0.250801774348881,0.250801774348881,40.8805713187979,1.65455571279055e-09
"V540",1,0.343833706287126,0.343833706287126,56.0447324911048,4.2923293259295e-12
"V542",1,0.0760436101781467,0.0760436101781467,12.395072711496,0.00055917940699103
"V544",1,0.139601564220389,0.139601564220389,22.7549893422548,4.07880975197466e-06
"V547",1,0.0150267166831975,0.0150267166831975,2.44934775541219,0.119525029092654
"V549",1,0.505123868911176,0.505123868911176,82.3349531775057,3.72847368451987e-16
"V551",1,0.0145510605967167,0.0145510605967167,2.37181603691824,0.125494275621402
"V561",1,0.109370238878766,0.109370238878766,17.8272975230938,4.02146490367699e-05
"V566",1,1.45961893242065e-05,1.45961893242065e-05,0.0023791719982844,0.96115728902746
"V571",1,0.00289217943584661,0.00289217943584661,0.471423888450714,0.493314448043755
"V661",1,0.139341383430391,0.139341383430391,22.7125799957941,4.15848448804243e-06
"V689",1,0.0427645533678817,0.0427645533678817,6.97060209566267,0.0090961766623154
"V692",1,0.141697689006302,0.141697689006302,23.0966566969857,3.49089781879373e-06
"V697",1,0.120840307064151,0.120840307064151,19.6969132453169,1.67098605829525e-05
"V713",1,0.359242080049217,0.359242080049217,58.5562901709625,1.67140714377786e-12
"V714",1,0.000169153935809491,0.000169153935809491,0.0275720120189258,0.868326053529194
"V746",1,0.183525482842966,0.183525482842966,29.9145674294236,1.68178978829743e-07
"V753",1,0.636661715173136,0.636661715173136,103.775560283231,3.81662031424431e-19
"V776",1,0.216486885025005,0.216486885025005,35.2872604901832,1.68473915590728e-08
"V779",1,0.00716898509957049,0.00716898509957049,1.16854120114282,0.281307784099809
"V794",1,0.155575470752919,0.155575470752919,25.3587285978411,1.25712216671437e-06
"V796",1,0.0099043688232584,0.0099043688232584,1.61440746222017,0.205695009819869
"V798",1,0.0180060907109058,0.0180060907109058,2.93498432134681,0.0885925154286583
"V801",1,0.0755683420941202,0.0755683420941202,12.3176042372197,0.000581145179961301
"V802",1,0.106810589935602,0.106810589935602,17.4100759486303,4.90087186536977e-05
"V803",1,0.0202862578010312,0.0202862578010312,3.30665048514748,0.0708470339672977
"V805",1,0.00131331791230049,0.00131331791230049,0.214070202323888,0.644216621911633
"V806",1,0.243811283671407,0.243811283671407,39.7411246245478,2.63909321248406e-09
"V807",1,0.0572062942277807,0.0572062942277807,9.32459906687004,0.0026438061940033
"V810",1,0.14549884094215,0.14549884094215,23.7162426756353,2.6349035434396e-06
"V811",1,0.669530728862623,0.669530728862623,109.133194063136,7.46786817832736e-20
"V815",1,0.31377002506813,0.31377002506813,51.1443665851238,2.79616225470911e-11
"V816",1,0.0514388482929325,0.0514388482929325,8.3845080907237,0.00430693588265336
"V817",1,0.760666666292157,0.760666666292157,123.988309021816,9.57430135151888e-22
"V818",1,0.263297089840076,0.263297089840076,42.9173018699067,7.23351296136793e-10
"V819",1,0.495245478014418,0.495245478014418,80.724780105093,6.41026410764816e-16
"V820",1,0.0386424464364866,0.0386424464364866,6.29870060361742,0.0130645100432159
"V821",1,0.617043516752363,0.617043516752363,100.577803163016,1.02693018796137e-18
"V823",1,0.134695006301126,0.134695006301126,21.9552227079517,5.88027327072712e-06
"V825",1,1.45773888605741,1.45773888605741,237.610753155028,1.39867326681141e-33
"V828",1,0.185632263437811,0.185632263437811,30.2579716760012,1.44854850359718e-07
"V830",1,0.0646475170595215,0.0646475170595215,10.5375148903797,0.00142151037330132
"V831",1,0.0286050368824249,0.0286050368824249,4.66260756481779,0.0322974688719396
"V832",1,0.0944211211498966,0.0944211211498966,15.3905983607585,0.000128900942834221
"V833",1,0.0876661877820716,0.0876661877820716,14.2895473972475,0.000219984064196952
"V834",1,0.302524077140896,0.302524077140896,49.3112823596221,5.70390560344156e-11
"V835",1,0.0182690114484895,0.0182690114484895,2.97784027797587,0.0863186285066759
"V836",1,0.0302611507943828,0.0302611507943828,4.93255335393995,0.0277422364554696
"V837",1,0.00287671390180686,0.00287671390180686,0.468903013672469,0.494470802859067
"V838",1,0.159152820299734,0.159152820299734,25.9418348922863,9.68560217733124e-07
"V840",1,0.122359823323495,0.122359823323495,19.9445936812766,1.48886644680133e-05
"V842",1,0.00222308818286955,0.00222308818286955,0.362362328750331,0.548038732660237
"V843",1,0.1019724474507,0.1019724474507,16.6214609979665,7.13548004966771e-05
"V846",1,0.0731358753254688,0.0731358753254688,11.9211132974143,0.000708181161314814
"V847",1,0.216639917919309,0.216639917919309,35.3122047800152,1.66711973690499e-08
"V848",1,0.185847359779478,0.185847359779478,30.2930322785778,1.42666134505413e-07
"V849",1,0.377730131109401,0.377730131109401,61.5698338026756,5.47104404835733e-13
"V859",1,0.0150446429410918,0.0150446429410918,2.45226972702196,0.119306353753339
"V860",1,0.290631178954422,0.290631178954422,47.3727455459909,1.22112706681754e-10
"V862",1,0.0644141006165734,0.0644141006165734,10.4994681199065,0.00144924078047982
"V863",1,0.0338329160030137,0.0338329160030137,5.51474940388623,0.0200642442450585
"V864",1,0.0627899977516231,0.0627899977516231,10.2347401163984,0.00165817325210649
"V865",1,0.0118407888622733,0.0118407888622733,1.93004301828278,0.166660353886653
"V868",1,0.323164875298682,0.323164875298682,52.6757227562539,1.54917022609988e-11
"V869",1,0.0067818274833348,0.0067818274833348,1.10543469169635,0.294642312282261
"V870",1,0.0463296871819811,0.0463296871819811,7.55171723141768,0.00667527599379027
"V872",1,0.0104815541837975,0.0104815541837975,1.70848840465745,0.193033867879655
"V873",1,0.049649171730591,0.049649171730591,8.09279165237582,0.005018099552444
"V874",1,0.00534243709482449,0.00534243709482449,0.870814735016003,0.352118605973541
"V875",1,0.00490300323026906,0.00490300323026906,0.799187221668095,0.372662679056572
"V876",1,0.235933409786175,0.235933409786175,38.4570348845856,4.48231191617739e-09
"V877",1,0.596018082384054,0.596018082384054,97.1506672448834,3.00768760063087e-18
"V878",1,0.0118510929260172,0.0118510929260172,1.93172257582917,0.16647704769347
"V879",1,0.384939938520479,0.384939938520479,62.7450290214039,3.5546442735738e-13
"V880",1,0.470473378633919,0.470473378633919,76.6869395512534,2.53649670852992e-15
"V881",1,0.00848704223607022,0.00848704223607022,1.38338389478331,0.241251071246857
"V882",1,0.782927369763382,0.782927369763382,127.616793223032,3.42108399285832e-22
"V883",1,0.276864969665771,0.276864969665771,45.1288599033345,2.97571545863943e-10
"V884",1,0.177897344392791,0.177897344392791,28.9971835077916,2.50992772663052e-07
"V885",1,0.672688984195439,0.672688984195439,109.647988197712,6.39552651609435e-20
"V886",1,0.28695364540794,0.28695364540794,46.7733093066959,1.54759352913137e-10
"V887",1,0.00777564501646598,0.00777564501646598,1.26742648241042,0.261915076388903
"V888",1,0.0166270092054167,0.0166270092054167,2.71019468424817,0.101647455209526
"V889",1,0.0451906323783334,0.0451906323783334,7.3660518338844,0.00736640364718461
"V890",1,0.230325827223951,0.230325827223951,37.5430015630265,6.55028048487499e-09
"V892",1,0.355718863088701,0.355718863088701,57.9820074626367,2.07159277858324e-12
"V893",1,0.159467837369367,0.159467837369367,25.9931825265492,9.46617937183955e-07
"V894",1,0.00220954804148459,0.00220954804148459,0.360155292069703,0.549258559338628
"V895",1,1.35419459692024,1.35419459692024,220.733082701078,4.67998009865777e-32
"V896",1,0.111721556260268,0.111721556260268,18.2105611509417,3.35536447641212e-05
"V897",1,0.776062613039604,0.776062613039604,126.497841104128,4.69225773504399e-22
"V898",1,0.261298560724376,0.261298560724376,42.5915425635415,8.25194790829014e-10
"V899",1,0.0151176983455419,0.0151176983455419,2.46417772360452,0.118419785842379
"V901",1,0.387366877878662,0.387366877878662,63.1406189959014,3.07601515532319e-13
"V903",1,0.00343739755186926,0.00343739755186926,0.560294185059379,0.455227102177998
"V904",1,0.0257367808729675,0.0257367808729675,4.19508318362229,0.0421554981550323
"V905",1,1.09270382651965,1.09270382651965,178.110210050669,6.98432076996476e-28
"V906",1,0.0787867772600613,0.0787867772600613,12.8422076563054,0.000447952436194834
"V909",1,0.0311209532443776,0.0311209532443776,5.0727007491023,0.0256486961185931
"V912",1,0.720898577000364,0.720898577000364,117.50612916194,6.22468830531855e-21
"V914",1,1.1920281158854,1.1920281158854,194.300022525669,1.58356276392814e-29
"V918",1,0.176894112587451,0.176894112587451,28.833657195133,2.69626130332085e-07
"V919",1,0.776265702508096,0.776265702508096,126.530944592022,4.64851871034099e-22
"V921",1,0.854142697668099,0.854142697668099,139.224858193699,1.38557750795363e-23
"V922",1,0.0346091952218944,0.0346091952218944,5.64128255164063,0.0187118899652728
"V923",1,0.0352877940706373,0.0352877940706373,5.75189384498139,0.0176076637647003
"V927",1,0.218295688911993,0.218295688911993,35.5820946734569,1.488014971042e-08
"V929",1,0.0786510934946722,0.0786510934946722,12.8200912663309,0.00045288263077591
"V933",1,1.2350307934604,1.2350307934604,201.309438755152,3.24278220390929e-30
"V934",1,0.0343281877891149,0.0343281877891149,5.59547847219711,0.0191900923326138
"V935",1,0.175700292928616,0.175700292928616,28.6390651519489,2.93638250138436e-07
"V936",1,0.916783013895328,0.916783013895328,149.435200291986,9.14275232013176e-25
"V937",1,0.133368072391695,0.133368072391695,21.7389331044962,6.49405758847165e-06
"V938",1,0.0378925011100749,0.0378925011100749,6.1764598679561,0.0139614973446256
"V939",1,0.0148240090684118,0.0148240090684118,2.41630650949347,0.122029183420066
"V941",1,2.23193801182751,2.23193801182751,363.804846710238,2.87901406355512e-43
"V942",1,0.00139090274149726,0.00139090274149726,0.226716493010903,0.634610782578981
"V944",1,0.0201445561068026,0.0201445561068026,3.28355317560114,0.0718291352617624
"V945",1,0.00745005404274133,0.00745005404274133,1.21435530675122,0.272105769358794
"V946",1,0.0679881690773166,0.0679881690773166,11.0820395988643,0.00107915178333373
"V947",1,0.0236842306193687,0.0236842306193687,3.86051845717446,0.0511454586646042
"V948",1,0.0105472829869256,0.0105472829869256,1.71920216866871,0.191651223106843
"V950",1,0.0281169533236246,0.0281169533236246,4.58305017417782,0.0337855342410296
"V951",1,0.00842933756966345,0.00842933756966345,1.37397806128554,0.242850469576997
"V952",1,0.156114715002243,0.156114715002243,25.4466251569862,1.20858794071976e-06
"V953",1,0.00996951118385864,0.00996951118385864,1.62502563637507,0.204217803101761
"V955",1,0.0797380867326924,0.0797380867326924,12.9972706531407,0.000414889289130939
"V956",1,0.048280501381974,0.048280501381974,7.86969902895312,0.00564292059336006
"V958",1,0.001615578948833,0.001615578948833,0.263338609187996,0.608534803537965
"V965",1,0.0879518999836403,0.0879518999836403,14.336118351792,0.000215042823303109
"V968",1,0.00975210466268955,0.00975210466268955,1.58958847562571,0.209197726254272
"V969",1,1.89487772028708,1.89487772028708,308.864177638712,2.25354710165766e-39
"V970",1,0.761603928680875,0.761603928680875,124.141082350577,9.16585481071359e-22
"V971",1,0.038050559754028,0.038050559754028,6.20222335261825,0.0137672636328258
"V972",1,0.0121290859223438,0.0121290859223438,1.97703530354795,0.16161824523232
"V974",1,0.172338910691533,0.172338910691533,28.0911614274654,3.73575650764506e-07
"V975",1,1.42051911477651,1.42051911477651,231.543947932983,4.85425363548028e-33
"V977",1,0.846694619869309,0.846694619869309,138.010825013783,1.92616750185923e-23
"V978",1,0.108851499404918,0.108851499404918,17.7427432327123,4.18569092906134e-05
"V979",1,0.052999296606833,0.052999296606833,8.6388604323342,0.00377172204323841
"V981",1,0.058926633558943,0.058926633558943,9.60501356913063,0.00228849824216098
"V982",1,0.362917931001658,0.362917931001658,59.1554521482199,1.33688813223963e-12
"V984",1,0.0164956202079188,0.0164956202079188,2.68877833942102,0.102997675935279
"V990",1,0.016645121772965,0.016645121772965,2.71314702424396,0.101462857998035
"V991",1,0.0884949593264985,0.0884949593264985,14.4246367693897,0.000205960417055225
"V995",1,0.0129767927409618,0.0129767927409618,2.11521111648193,0.147776681572591
"V998",1,0.0293367152001308,0.0293367152001308,4.78187078664725,0.0301948014083251
"V1000",1,0.338911169900376,0.338911169900376,55.2423613741127,5.81579522402889e-12
"V1001",1,0.453664291473719,0.453664291473719,73.947066245969,6.53992101376572e-15
"V1002",1,2.22661094727964,2.22661094727964,362.93653769315,3.29261831519334e-43
"V1005",1,0.663157880783698,0.663157880783698,108.0944228221,1.02196655419357e-19
"V1008",1,0.00188666551149271,0.00188666551149271,0.307525591465729,0.579967349031467
"V1009",1,0.0903659733086021,0.0903659733086021,14.7296111689227,0.000177554661471064
"V1011",1,0.696224222732816,0.696224222732816,113.484221015562,2.03362912902673e-20
"V1014",1,1.90882499030746,1.90882499030746,311.137576095525,1.52368483328735e-39
"V1015",1,0.0442745733749146,0.0442745733749146,7.21673464695974,0.00797566328987715
"V1020",1,0.10606030493793,0.10606030493793,17.2877798467133,5.19403084777597e-05
"V1021",1,0.049827559790066,0.049827559790066,8.12186882221133,0.00494208363262784
"V1022",1,0.0988690343163406,0.0988690343163406,16.1156061159576,9.09170232345865e-05
"V1023",1,0.449565440848004,0.449565440848004,73.2789555208171,8.25333072536659e-15
"V1024",1,0.213067382273675,0.213067382273675,34.7298831491995,2.13171234239653e-08
"V1025",1,0.109498296439987,0.109498296439987,17.8481708453741,3.98194188248926e-05
"V1027",1,0.233932763356841,0.233932763356841,38.1309304570934,5.13081918952497e-09
"V1029",1,0.000130488029755356,0.000130488029755356,0.0212694875086599,0.884228516025018
"V1030",1,0.0522382105766601,0.0522382105766601,8.51480376719697,0.00402364588481195
"V1031",1,0.4508300381324,0.4508300381324,73.4850842836958,7.6810203837422e-15
"V1032",1,0.0743592773113222,0.0743592773113222,12.1205272459961,0.000641085440563596
"V1033",1,0.00491645000614678,0.00491645000614678,0.801379039814934,0.372009546682039
"V1037",1,0.0157054479120745,0.0157054479120745,2.55998062665258,0.111548320969285
"V1038",1,0.13913721089091,0.13913721089091,22.6792999678388,4.2221132662938e-06
"V1044",1,1.31365081075405,1.31365081075405,214.124464615325,1.9307310075682e-31
"V1056",1,0.475630615510467,0.475630615510467,77.5275667377517,1.90113480796662e-15
"V1057",1,0.151606229397743,0.151606229397743,24.7117441228586,1.68092856052756e-06
"V1059",1,0.344894928527996,0.344894928527996,56.2177112174938,4.02088490151493e-12
"V1060",1,0.0011276095684148,0.0011276095684148,0.183799829570647,0.668697383694911
"V1061",1,0.000139931899613583,0.000139931899613583,0.022808833856057,0.880143150171568
"V1062",1,0.0166771959708863,0.0166771959708863,2.71837510342729,0.101136875057542
"V1063",1,0.568082214387859,0.568082214387859,92.5971338939497,1.28293653970149e-17
"V1064",1,0.10011931362482,0.10011931362482,16.3194010554925,8.24517036643056e-05
"V1066",1,0.0647161022937342,0.0647161022937342,10.5486942513149,0.00141346600694876
"V1067",1,0.123663345130846,0.123663345130846,20.1570671230987,1.34876734063391e-05
"V1068",1,4.18842866398807e-05,4.18842866398807e-05,0.00682711903280543,0.934250626967159
"V1069",1,0.137292240971263,0.137292240971263,22.378570738243,4.84387165820345e-06
"V1070",1,0.124089991898001,0.124089991898001,20.2266103455815,1.3058835308291e-05
"V1071",1,0.543012542279977,0.543012542279977,88.5107891254335,4.82483191234722e-17
"V1074",1,0.00427483054824815,0.00427483054824815,0.696795369798045,0.405091886770485
"V1075",1,0.0898547011136805,0.0898547011136805,14.6462740414957,0.000184895396891907
"V1079",1,4.25495118181748e-09,4.25495118181748e-09,6.93555042414991e-07,0.999336546828507
"V1080",1,1.35460702012019,1.35460702012019,220.800307488793,4.61358325419644e-32
"V1082",1,0.186886038101293,0.186886038101293,30.4623363567587,1.32559697792592e-07
"V1095",1,0.15368725321432,0.15368725321432,25.0509500266867,1.44321476764984e-06
"V1107",1,0.0042919363567411,0.0042919363567411,0.699583608541082,0.404155693499344
"V1109",1,0.521981180567311,0.521981180567311,85.0826870529574,1.49140692757214e-16
"V1118",1,0.0941003935691839,0.0941003935691839,15.338319915874,0.000132198269441329
"V1119",1,0.000558287992350377,0.000558287992350377,0.0910006803060319,0.763295723815131
"V1193",1,0.0040684042511492,0.0040684042511492,0.6631479804104,0.416646219516074
"V1205",1,0.0960664029807197,0.0960664029807197,15.6587785257478,0.00011325650201687
"V1206",1,0.0131117176818855,0.0131117176818855,2.13720381842528,0.145700844035033
"V1209",1,0.0638324101981251,0.0638324101981251,10.4046528551478,0.00152078301509281
"V1211",1,0.227870409165345,0.227870409165345,37.1427695737476,7.73874082927656e-09
"V1212",1,0.0723178513740507,0.0723178513740507,11.7877757778802,0.000757009146141371
"V1214",1,0.0960594372268036,0.0960594372268036,15.657643111134,0.000113318488402686
"V1216",1,0.00573137957250253,0.00573137957250253,0.934212176038524,0.335211483519754
"V1223",1,0.00037158346600502,0.00037158346600502,0.0605679302801635,0.80591208912285
"V1224",1,0.0365226001601322,0.0365226001601322,5.95316665709581,0.0157691986040719
"V1228",1,0.0274979889038642,0.0274979889038642,4.4821592647275,0.0357774548672416
"V1231",1,0.0424511681610986,0.0424511681610986,6.9195204542771,0.009348465003848
"V1235",1,0.386007309617657,0.386007309617657,62.9190100084806,3.33548452797141e-13
"V1243",1,0.041423753818544,0.041423753818544,6.75205239942064,0.0102276045149307
"V1244",1,0.00788028835713511,0.00788028835713511,1.28448329774742,0.258741582162084
"V1248",1,0.00943800751951693,0.00943800751951693,1.53839078894333,0.216650902052038
"V1257",1,0.164139534366204,0.164139534366204,26.7546669409032,6.74496472746874e-07
"V1258",1,0.00599328174096688,0.00599328174096688,0.976902106379931,0.324438758622042
"V1262",1,0.422822590042491,0.422822590042491,68.9198834111359,3.83178072419594e-14
"V1264",1,0.271378016622599,0.271378016622599,44.2344891366737,4.25646671792135e-10
"V1271",1,0.216312303949905,0.216312303949905,35.2588038570112,1.70507017762037e-08
"V1272",1,0.22103127969048,0.22103127969048,36.0279946843691,1.2337448027585e-08
"V1273",1,0.138008985977226,0.138008985977226,22.4953998372785,4.59197456055406e-06
"V1276",1,4.37282880023973e-06,4.37282880023973e-06,0.000712769038804415,0.978733679064352
"V1278",1,0.0173997050019985,0.0173997050019985,2.8361437358524,0.0940909459504685
"V1290",1,0.00314249633086181,0.00314249633086181,0.512225424666059,0.475207374230752
"V1295",1,0.012336770512998,0.012336770512998,2.01088779419358,0.158094620125541
"V1307",1,0.0174057404330801,0.0174057404330801,2.83712750828149,0.0940344097694906
"V1313",1,0.000986796403336156,0.000986796403336156,0.160847349858061,0.688906065414829
"V1327",1,0.0430595507118526,0.0430595507118526,7.01868652405385,0.0088651277967653
"V1328",1,0.243637662645136,0.243637662645136,39.7128244788836,2.66997468835735e-09
"V1345",1,0.335583091297658,0.335583091297658,54.699886126375,7.14645247708211e-12
"V1346",1,0.00661043349287737,0.00661043349287737,1.07749755182284,0.300804905253586
"V1374",1,0.0100395996824175,0.0100395996824175,1.63645002869208,0.202642485463047
"V1379",1,0.809560989081166,0.809560989081166,131.958060651563,1.01588579709291e-22
"V1386",1,0.233321130310553,0.233321130310553,38.0312345580726,5.34747837614112e-09
"V1387",1,0.738959252434597,0.738959252434597,120.450010767529,2.64566170482611e-21
"V1389",1,0.0611067223339144,0.0611067223339144,9.96036701460727,0.00190745606003017
"V1392",1,0.0503329854998326,0.0503329854998326,8.20425297530638,0.00473308340484509
"V1404",1,0.453270344108319,0.453270344108319,73.8828530106006,6.68763091633223e-15
"V1412",1,0.469334652028575,0.469334652028575,76.5013276498894,2.70361637400904e-15
"V1418",1,0.0250930517902217,0.0250930517902217,4.09015564574703,0.0447787530695015
"V1420",1,0.0114566291812331,0.0114566291812331,1.86742517086387,0.173663922294989
"V1421",1,0.0303516494620172,0.0303516494620172,4.9473045942216,0.0275136634678251
"V1422",1,0.139743054834605,0.139743054834605,22.7780522458582,4.03613373363577e-06
"V1423",1,0.0372368519555784,0.0372368519555784,6.06958936398901,0.0147981432776538
"V1424",1,0.0608117484785343,0.0608117484785343,9.91228641484534,0.00195494793582057
"V1427",1,0.770056832567887,0.770056832567887,125.518901710512,6.19262516592274e-22
"V1432",1,0.0302810861038778,0.0302810861038778,4.93580280001619,0.0276917149137185
"V1433",1,0.552413328898943,0.552413328898943,90.0431129250842,2.92844565321053e-17
"V1434",1,0.00684724589574821,0.00684724589574821,1.11609786216702,0.292333136087631
"V1437",1,0.0419765803899577,0.0419765803899577,6.84216287068136,0.00974440479006731
"V1442",1,0.0492689100156768,0.0492689100156768,8.03080917160305,0.00518418654262577
"V1444",1,0.39688611146827,0.39688611146827,64.6922495960857,1.74884693444087e-13
"V1445",1,0.0238872428948702,0.0238872428948702,3.89360936264662,0.0501713836914483
"V1446",1,3.70162269770726,3.70162269770726,603.362759620676,1.67846117204818e-56
"V1447",1,0.660605713004576,0.660605713004576,107.678420673858,1.15917136972367e-19
"V1448",1,0.223789403667405,0.223789403667405,36.477567596034,1.02184036341861e-08
"V1450",1,0.00646256599400575,0.00646256599400575,1.05339521901819,0.306256492325174
"V1451",1,0.0388831935755925,0.0388831935755925,6.33794227411823,0.0127894287589379
"V1452",1,0.00872239383695833,0.00872239383695833,1.42174609509101,0.234859847507307
"V1454",1,0.0217016589439143,0.0217016589439143,3.53736020606775,0.0617954681350079
"V1456",1,0.0431699529135768,0.0431699529135768,7.03668203103564,0.00878022748289116
"V1458",1,0.0175732300203093,0.0175732300203093,2.86442823226422,0.0924802474290529
"V1459",1,0.0226801492769587,0.0226801492769587,3.69685367037288,0.0562695517236942
"V1461",1,0.291710289910779,0.291710289910779,47.5486401245949,1.13927439204983e-10
"V1462",1,0.134199824815445,0.134199824815445,21.8745083585669,6.10211790420001e-06
"V1463",1,0.164563180052257,0.164563180052257,26.8237209885772,6.54135227025924e-07
"V1464",1,0.155135664404104,0.155135664404104,25.287040369734,1.29816819574374e-06
"V1465",1,0.0701028551388907,0.0701028551388907,11.4267324328025,0.000907240817953676
"V1466",1,0.0108155138138047,0.0108155138138047,1.76292366735667,0.186128113665411
"V1467",1,0.0107118244791211,0.0107118244791211,1.74602235454683,0.188240732597291
"V1469",1,0.255367972662275,0.255367972662275,41.6248594973449,1.22154617189747e-09
"V1470",1,0.049996056783895,0.049996056783895,8.14933375299627,0.00487137172829412
"V1471",1,0.292724135773957,0.292724135773957,47.7138965236915,1.06743932222043e-10
"V1473",1,0.00310302401727676,0.00310302401727676,0.505791456107341,0.477989147257002
"V1474",1,0.33375933531387,0.33375933531387,54.4026147583517,8.00252046261143e-12
"V1475",1,0.137395862125341,0.137395862125341,22.3954609376462,4.80660426665924e-06
"V1476",1,0.299086669671238,0.299086669671238,48.7509865579679,7.10206378360736e-11
"V1477",1,0.0432418945517302,0.0432418945517302,7.0484084842354,0.00872535680826783
"V1478",1,0.0241745172118388,0.0241745172118388,3.94043494126696,0.0488266901536487
"V1479",1,0.174220852022737,0.174220852022737,28.3979169797649,3.26430375295115e-07
"V1481",1,0.027195646426591,0.027195646426591,4.43287758306095,0.0367952052060989
"V1483",1,0.0636753907714905,0.0636753907714905,10.37905876242,0.00154070787723767
"V1484",1,0.0133040235728096,0.0133040235728096,2.16854958824432,0.142799215987252
"V1487",1,0.657920252516906,0.657920252516906,107.240691876783,1.32375989353054e-19
"V1490",1,0.559056327561944,0.559056327561944,91.1259185843286,2.06168265075221e-17
"V1492",1,0.367700810559163,0.367700810559163,59.9350592676967,1.00072382043248e-12
"V1495",1,0.719643457628103,0.719643457628103,117.301545294284,6.60828343981739e-21
"V1498",1,0.089029628568893,0.089029628568893,14.5117876045559,0.000197400025602076
"V1499",1,0.100149557535365,0.100149557535365,16.3243307986941,8.22571774395596e-05
"V1500",1,0.387415212394991,0.387415212394991,63.1484974993413,3.06717660731944e-13
"V1502",1,0.00130347168074382,0.00130347168074382,0.212465271208792,0.645460187930391
"V1507",1,0.33599030194693,0.33599030194693,54.7662612707796,6.96833641398417e-12
"V1517",1,0.024201337650342,0.024201337650342,3.9448066601349,0.0487031236062416
"V1519",1,0.0638519464008517,0.0638519464008517,10.4078372470084,0.00151832251074793
"V1525",1,0.0994193981804165,0.0994193981804165,16.2053151670799,8.70867020903573e-05
"V1530",1,0.0157051425001652,0.0157051425001652,2.55993084465493,0.111551774397617
"V1534",1,0.0166293513557922,0.0166293513557922,2.71057645365835,0.101623563954945
"V1535",1,0.124107166781573,0.124107166781573,20.22940984353,1.30418652305201e-05
"V1536",1,0.203910431571706,0.203910431571706,33.2373044893938,4.01823316209315e-08
"V1541",1,0.000518821264408083,0.000518821264408083,0.0845676222044566,0.771572326821307
"V1542",1,3.90751940730456e-05,3.90751940730456e-05,0.00636923826494506,0.936488854920631
"V1544",1,2.61278025469673e-05,2.61278025469673e-05,0.00425881953266784,0.948047745189734
"V1546",1,2.70271616105466e-06,2.70271616105466e-06,0.000440541463724918,0.983280196460244
"V1547",1,2.68782525286656e-06,2.68782525286656e-06,0.000438114252690364,0.983326313078789
"V1549",1,1.64728752880575e-08,1.64728752880575e-08,2.68507092817585e-06,0.998694588170649
"V1550",1,1.18527715088071e-08,1.18527715088071e-08,1.93199618403483e-06,0.998892680750645
"V1589",1,3.4545472335118e-05,3.4545472335118e-05,0.00563089575105174,0.940276030210605
"V1750",1,1.13651075516018e-16,1.13651075516018e-16,1.85250718825761e-14,0.999999891569912
"Residuals",162,0.9938678969938,0.00613498701848025,NA,NA
