"","Df","Sum Sq","Mean Sq","F value","Pr(>F)"
"V2",1,0.108711005407087,0.108711005407087,0.76624406785713,0.381649928859176
"V3",1,0.108925050265707,0.108925050265707,0.767752752305021,0.381181881283306
"V4",1,0.0121160234715434,0.0121160234715434,0.0853991836090829,0.770187128499381
"V5",1,0.0606199028989579,0.0606199028989579,0.427276344436912,0.513520350280276
"V6",1,0.205387338609015,0.205387338609015,1.4476623524251,0.229267080806021
"V8",1,0.294138402907631,0.294138402907631,2.07321977671866,0.150304438177403
"V11",1,0.154611821179385,0.154611821179385,1.08977366510095,0.296843545255161
"V12",1,0.51814746969163,0.51814746969163,3.65213644598038,0.0563622160028937
"V13",1,0.205672910196374,0.205672910196374,1.44967518943219,0.228943926187249
"V15",1,0.0573988365661214,0.0573988365661214,0.404572819982623,0.524922931925943
"V16",1,0.0262329895671297,0.0262329895671297,0.184901910921529,0.667312339773637
"V18",1,0.173312456572035,0.173312456572035,1.22158415550272,0.269389479155664
"V19",1,0.254192066626799,0.254192066626799,1.79166002944933,0.18111255474671
"V21",1,0.000800692623525348,0.000800692623525348,0.00564364178820539,0.940135101434392
"V22",1,0.0722878932640515,0.0722878932640515,0.509517589171866,0.475560473154285
"V23",1,0.0628886268088171,0.0628886268088171,0.443267331099445,0.505745739012972
"V26",1,0.046980678125639,0.046980678125639,0.331140952867401,0.56515335419848
"V27",1,0.118583350206179,0.118583350206179,0.835828794903091,0.360873906114756
"V30",1,0.00093459119194525,0.00093459119194525,0.00658741913036235,0.935333130847835
"V32",1,0.051300350412207,0.051300350412207,0.3615879462723,0.547799694470239
"V35",1,0.0468456538485146,0.0468456538485146,0.330189241023915,0.565712729517232
"V36",1,0.0167437640729434,0.0167437640729434,0.118017581076072,0.731286830810617
"V37",1,0.00810967569665636,0.00810967569665636,0.0571606423060729,0.811103849978458
"V38",1,0.535196111929364,0.535196111929364,3.77230294550601,0.0524661004662387
"V41",1,0.0475641382815585,0.0475641382815585,0.335253442505687,0.562748447091366
"V49",1,0.0173445147374314,0.0173445147374314,0.122251941996582,0.726698814208955
"V51",1,0.591825196114885,0.591825196114885,4.1714502044505,0.0414450817509304
"V56",1,0.430561806387427,0.430561806387427,3.03479329213073,0.0818895863286715
"V57",1,0.0413735288607737,0.0413735288607737,0.29161924257042,0.589338294460549
"V60",1,0.0753989321423823,0.0753989321423823,0.53144559063287,0.466217727641629
"V61",1,0.108536296647814,0.108536296647814,0.765012641932084,0.3820325647194
"V63",1,0.0249251419592521,0.0249251419592521,0.175683612668792,0.675224181532871
"V64",1,0.558544711690384,0.558544711690384,3.93687437958168,0.0475872139344201
"V66",1,0.00599019083251508,0.00599019083251508,0.0422215595703396,0.837251425347628
"V69",1,0.0202931552159677,0.0202931552159677,0.14303528648375,0.705384488788741
"V70",1,0.0719496782407148,0.0719496782407148,0.507133697547265,0.4765944259284
"V71",1,0.0025904222550887,0.0025904222550887,0.0182584613100947,0.892548662087731
"V72",1,0.00152622134842748,0.00152622134842748,0.0107574946077467,0.917419429007869
"V73",1,0.127119004104787,0.127119004104787,0.895991923195376,0.344150721220521
"V74",1,0.000207837151255288,0.000207837151255288,0.00146492973396148,0.96947865733288
"V75",1,0.157815764085553,0.157815764085553,1.11235649594141,0.291895597944898
"V76",1,0.163824913667008,0.163824913667008,1.15471168530254,0.282896018730413
"V79",1,0.0468121399891281,0.0468121399891281,0.329953020267334,0.565851736061132
"V80",1,0.0126926464394586,0.0126926464394586,0.0894634816707252,0.764939708033912
"V81",1,0.00220635079577506,0.00220635079577506,0.0155513528970111,0.900789056393406
"V83",1,0.0635685888220211,0.0635685888220211,0.448060009237548,0.503454989910439
"V84",1,0.13537089836576,0.13537089836576,0.95415498591729,0.32896561969858
"V85",1,7.69040743238388e-05,7.69040743238388e-05,0.00054205450978971,0.98143121041361
"V86",1,0.0687458428481896,0.0687458428481896,0.484551624511327,0.486574385754162
"V88",1,0.0874225009978705,0.0874225009978705,0.616193112518902,0.432702915192113
"V91",1,0.0722364047614714,0.0722364047614714,0.509154675044478,0.475717642142717
"V92",1,0.0260084800351997,0.0260084800351997,0.183319466748793,0.668653670749077
"V93",1,0.0018644188473578,0.0018644188473578,0.0131412627124485,0.908763550661355
"V95",1,0.0208343691611535,0.0208343691611535,0.146850005825064,0.701667980532926
"V96",1,0.0503341332761112,0.0503341332761112,0.354777613261186,0.551593139194645
"V98",1,0.0984220578986802,0.0984220578986802,0.693722937514457,0.405154927269227
"V101",1,0.0453307906409115,0.0453307906409115,0.319511803701959,0.572063101583892
"V102",1,0.00352632027265292,0.00352632027265292,0.0248550915352723,0.874769326702637
"V103",1,0.115751979205428,0.115751979205428,0.81587201844698,0.3666676548606
"V104",1,0.131152563931534,0.131152563931534,0.924422267280762,0.33661331524948
"V106",1,0.0314676002909961,0.0314676002909961,0.221797802001591,0.637804659143752
"V107",1,0.0244919772499828,0.0244919772499828,0.17263047294628,0.677898360384803
"V108",1,0.0156106461185953,0.0156106461185953,0.110030856020496,0.740197774455692
"V110",1,0.845272918611998,0.845272918611998,5.95786376164359,0.0148723674225104
"V112",1,0.0889362934938384,0.0889362934938384,0.626863002983611,0.428748108098025
"V113",1,0.0666166607139583,0.0666166607139583,0.469544191053851,0.493399740201307
"V114",1,0.00850897541698954,0.00850897541698954,0.0599750863529896,0.806599487633973
"V115",1,0.00812688843348617,0.00812688843348617,0.0572819654180985,0.810907289921233
"V116",1,0.054147916022076,0.054147916022076,0.381658869618336,0.536896404068556
"V117",1,0.0105089459776756,0.0105089459776756,0.0740717785165473,0.785569739346239
"V119",1,0.125484455303103,0.125484455303103,0.884470887967866,0.347270095208483
"V120",1,0.0654009443600594,0.0654009443600594,0.460975275322793,0.497369160191261
"V122",1,0.374482379741711,0.374482379741711,2.63952026678064,0.104637451969515
"V123",1,0.0591871631024939,0.0591871631024939,0.417177749858449,0.518537902930551
"V124",1,0.0581695188223065,0.0581695188223065,0.410004935202174,0.522154328706563
"V125",1,0.121399796369764,0.121399796369764,0.85568037439318,0.355235333373656
"V126",1,0.0277675201456408,0.0277675201456408,0.195717972720667,0.658321779718722
"V127",1,0.167679916762277,0.167679916762277,1.18188348122384,0.277307430227048
"V129",1,0.000115853442497956,0.000115853442497956,0.000816587177374207,0.977210043453036
"V130",1,0.0051421043462295,0.0051421043462295,0.0362438645180982,0.849062114326353
"V133",1,0.0278563253647862,0.0278563253647862,0.196343911852682,0.657810657522105
"V134",1,0.00606417754130578,0.00606417754130578,0.0427430511755257,0.836263599595748
"V136",1,0.122893074101834,0.122893074101834,0.866205667573724,0.352294741405852
"V137",1,0.00632237969928482,0.00632237969928482,0.0445629761326953,0.832864600182251
"V138",1,0.0974021943613817,0.0974021943613817,0.686534480535769,0.407598130360147
"V139",1,0.00370062131139938,0.00370062131139938,0.0260836436626368,0.871737876334403
"V140",1,0.193297535667443,0.193297535667443,1.3624479829061,0.243469011451301
"V141",1,0.00960800554239118,0.00960800554239118,0.0677215450563361,0.794751976948505
"V142",1,0.408127703858077,0.408127703858077,2.87666764591448,0.0902693320202078
"V143",1,0.384698831003135,0.384698831003135,2.71153041096341,0.100026633973602
"V144",1,0.0760421125116758,0.0760421125116758,0.535979015199112,0.464323016653862
"V145",1,0.101394423411283,0.101394423411283,0.714673506714017,0.398154924218219
"V146",1,0.260172946910373,0.260172946910373,1.83381596408255,0.176068165348432
"V147",1,0.65111058599052,0.65111058599052,4.58932030079164,0.03247957324762
"V148",1,0.322462207911539,0.322462207911539,2.27285869535542,0.132060200092475
"V151",1,6.6819808325466e-05,6.6819808325466e-05,0.000470976066802164,0.982691210978283
"V152",1,0.0749195696270787,0.0749195696270787,0.528066827992152,0.46763792528839
"V153",1,0.00481960496067251,0.00481960496067251,0.033970743777974,0.853816784791607
"V154",1,0.0587735390403206,0.0587735390403206,0.414262341406688,0.520002463892373
"V155",1,0.0529384052397374,0.0529384052397374,0.373133693547103,0.54147834510129
"V156",1,0.0372366117921586,0.0372366117921586,0.262460390150896,0.608579323899236
"V158",1,0.0175867287803223,0.0175867287803223,0.123959175526636,0.724874228491581
"V159",1,0.00936419195624936,0.00936419195624936,0.0660030372259232,0.797315308516168
"V160",1,0.0235282337379492,0.0235282337379492,0.165837575150273,0.683949198474494
"V161",1,0.00132252349290522,0.00132252349290522,0.00932174049210156,0.923109137414364
"V163",1,0.35056575200186,0.35056575200186,2.4709451159927,0.11637214747067
"V164",1,0.30238684652867,0.30238684652867,2.13135851777811,0.144713892332471
"V165",1,0.111930646208315,0.111930646208315,0.78893754452339,0.374694349346577
"V166",1,0.0067160101241933,0.0067160101241933,0.0473374604352251,0.827819491564318
"V167",1,0.141890061824278,0.141890061824278,1.0001049825048,0.317594054325262
"V168",1,0.671162636319914,0.671162636319914,4.73065617157799,0.0299281683127762
"V170",1,0.000529420273765191,0.000529420273765191,0.00373159223996495,0.951305701950469
"V171",1,0.0292297479941227,0.0292297479941227,0.206024412354438,0.65002721659748
"V172",1,0.0331993944057631,0.0331993944057631,0.234004265939819,0.628705744396586
"V173",1,0.00763519688240116,0.00763519688240116,0.0538163021871908,0.816611515042455
"V174",1,0.10317440957341,0.10317440957341,0.727219649880388,0.39404666800055
"V175",1,0.0259414496711941,0.0259414496711941,0.182847006590842,0.669055471055997
"V176",1,0.0605489594531428,0.0605489594531428,0.426776303118137,0.513766800545506
"V177",1,0.00384161224182314,0.00384161224182314,0.0270774111625722,0.869338963062607
"V178",1,0.0602910559961358,0.0602910559961358,0.424958483539784,0.51466447001345
"V179",1,0.0654982333641239,0.0654982333641239,0.4616610119872,0.497049523825735
"V180",1,0.0712671600342964,0.0712671600342964,0.502323002209528,0.478692144246654
"V181",1,0.16584700974137,0.16584700974137,1.16896432803926,0.279947026277644
"V184",1,0.0151151092660141,0.0151151092660141,0.106538089374901,0.744207650992417
"V185",1,0.011081979015276,0.011081979015276,0.0781107731344636,0.779947954754987
"V186",1,0.00488844527748339,0.00488844527748339,0.0344559612974718,0.852788356082654
"V187",1,0.125884299356747,0.125884299356747,0.887289168720813,0.346503501499077
"V188",1,0.0606570671638222,0.0606570671638222,0.427538294893372,0.513391327590134
"V189",1,0.0436393984158155,0.0436393984158155,0.307590110456218,0.579321145940679
"V190",1,0.0445029677163306,0.0445029677163306,0.313676935347822,0.575592779906654
"V191",1,0.00668565680498596,0.00668565680498596,0.047123516587541,0.828202926353626
"V192",1,0.0440042321038149,0.0440042321038149,0.310161622403303,0.577740170347179
"V193",1,0.107631758092126,0.107631758092126,0.758637047300719,0.384022354703148
"V194",1,0.000761755662401356,0.000761755662401356,0.00536919657109127,0.941606156918518
"V195",1,0.0133104594997945,0.0133104594997945,0.0938181060323926,0.759459633101872
"V196",1,0.0830487746530775,0.0830487746530775,0.585365121796358,0.444447550490787
"V197",1,0.0155210687581418,0.0155210687581418,0.109399474489208,0.740917351546729
"V198",1,0.0296186347941766,0.0296186347941766,0.208765461455156,0.647863476507954
"V199",1,0.00360687537648299,0.00360687537648299,0.0254228801433738,0.873358981270796
"V200",1,0.0247837233245054,0.0247837233245054,0.174686830516394,0.676094219302776
"V201",1,0.137783127308286,0.137783127308286,0.971157460603292,0.324696093963431
"V202",1,0.20515379073189,0.20515379073189,1.44601620192968,0.229531773966659
"V203",1,0.790573411552264,0.790573411552264,5.57231703026824,0.0184908250418963
"V204",1,0.485446040458714,0.485446040458714,3.42164206257973,0.0647236072844401
"V206",1,0.0566387924002796,0.0566387924002796,0.399215686809169,0.527679012235793
"V207",1,0.024649350849787,0.024649350849787,0.173739712869466,0.676923613766513
"V208",1,0.326359500805445,0.326359500805445,2.30032856880085,0.129750238261846
"V209",1,0.762360841768994,0.762360841768994,5.37346214750376,0.0207021788585198
"V210",1,0.0223046130781221,0.0223046130781221,0.157212946315418,0.691843593718973
"V211",1,0.251719188218059,0.251719188218059,1.77423007004335,0.18324701289808
"V212",1,0.0478075131419881,0.0478075131419881,0.336968857999927,0.561751122390205
"V213",1,0.00949101942545262,0.00949101942545262,0.0668969742799907,0.795977524052004
"V215",1,0.0925412214122399,0.0925412214122399,0.652272156566396,0.41954677123968
"V216",1,0.0246776288022216,0.0246776288022216,0.173939028598569,0.676748852103255
"V217",1,0.0187016717228085,0.0187016717228085,0.131817794922897,0.716652672313463
"V218",1,0.0483407992145979,0.0483407992145979,0.340727698129111,0.559577586961597
"V219",1,0.921194232913042,0.921194232913042,6.49299133671521,0.0110199777136402
"V220",1,0.0968995172677038,0.0968995172677038,0.682991386259013,0.408810305448514
"V221",1,0.102813258955679,0.102813258955679,0.724674097869325,0.394875250340605
"V223",1,0.00036348058816731,0.00036348058816731,0.00256197469080039,0.959644459475914
"V224",1,0.1035172848773,0.1035172848773,0.729636389258679,0.393262329336036
"V225",1,0.0196153713080842,0.0196153713080842,0.138257960611729,0.710119615027415
"V226",1,0.0849186333279653,0.0849186333279653,0.598544726860249,0.439367327964872
"V227",1,0.00279574672778218,0.00279574672778218,0.019705680555268,0.8883982926324
"V228",1,0.00263849782187636,0.00263849782187636,0.0185973195307686,0.891562269875192
"V229",1,0.0285062013981172,0.0285062013981172,0.200924530470987,0.654099629041579
"V230",1,0.351998498152798,0.351998498152798,2.48104375536036,0.115629696378318
"V231",1,0.051609576416319,0.051609576416319,0.363767510249202,0.546595921966786
"V232",1,0.0539225310510047,0.0539225310510047,0.380070254956731,0.537744833672759
"V233",1,0.00205150672632347,0.00205150672632347,0.0144599422416148,0.904316354879896
"V234",1,0.00696701895737857,0.00696701895737857,0.0491066836034566,0.824682844754174
"V235",1,0.00708317780401708,0.00708317780401708,0.0499254234065941,0.823251374048657
"V236",1,0.0323787383999815,0.0323787383999815,0.228219913253292,0.632980219271496
"V238",1,0.0867450662222561,0.0867450662222561,0.611418247488164,0.434490695539408
"V240",1,0.00176977822330611,0.00176977822330611,0.0124741930216996,0.911099476307485
"V241",1,0.203637756430507,0.203637756430507,1.43533051021197,0.231258976615577
"V245",1,0.0907108125342216,0.0907108125342216,0.639370611416644,0.424181303017682
"V246",1,0.18356341986766,0.18356341986766,1.29383755602717,0.255689892779018
"V247",1,0.0612249266179412,0.0612249266179412,0.431540823767665,0.511426886384469
"V249",1,0.0719745702935517,0.0719745702935517,0.507309147932915,0.476518203945344
"V250",1,0.0116765052511108,0.0116765052511108,0.0823012614818757,0.774278597593676
"V251",1,5.61294194700696e-05,5.61294194700696e-05,0.000395625397264529,0.984135923060691
"V252",1,0.200696508549535,0.200696508549535,1.41459927207787,0.234654926789221
"V253",1,0.0800341681710572,0.0800341681710572,0.56411681924298,0.452831918119325
"V254",1,0.0810215174815769,0.0810215174815769,0.571076101325374,0.450058889647213
"V255",1,1.03564891271872,1.03564891271872,7.29971940542529,0.00704575291569462
"V258",1,0.0472749178234037,0.0472749178234037,0.333214886615838,0.5639380828997
"V259",1,0.00559689452037224,0.00559689452037224,0.0394494302448767,0.84261250031834
"V260",1,0.209194620875897,0.209194620875897,1.47449779048154,0.225003478391874
"V261",1,0.0637217030021356,0.0637217030021356,0.449139226854737,0.502941605782556
"V262",1,0.00293339803012782,0.00293339803012782,0.0206759088542354,0.88570235099032
"V263",1,0.0124774927509429,0.0124774927509429,0.0879469816909361,0.766882193605235
"V264",1,0.0348695889140631,0.0348695889140631,0.24577654814216,0.620203881450852
"V265",1,0.243729433575333,0.243729433575333,1.71791468526978,0.190345991443846
"V267",1,2.24943690417296,2.24943690417296,15.8550431705332,7.47499451279393e-05
"V269",1,0.773854542274567,0.773854542274567,5.45447491890755,0.0197699306824479
"V270",1,0.656682247418927,0.656682247418927,4.62859187685368,0.0317486077333246
"V271",1,0.151667345222511,0.151667345222511,1.0690196740358,0.301486210082008
"V274",1,0.109772620731492,0.109772620731492,0.773726810212654,0.379336470739524
"V275",1,0.544419554352668,0.544419554352668,3.83731391671001,0.0504783160252584
"V277",1,0.0715384760304939,0.0715384760304939,0.504235359397493,0.477856452517779
"V278",1,0.00580496891070234,0.00580496891070234,0.0409160321465553,0.839752632192887
"V279",1,0.713299496256673,0.713299496256673,5.02765571494311,0.0252248195996901
"V282",1,0.52704390171054,0.52704390171054,3.71484250075429,0.0542921735967969
"V283",1,0.927951797123795,0.927951797123795,6.54062168904488,0.0107311746340312
"V284",1,0.0348647478879871,0.0348647478879871,0.245742426412725,0.620228154342925
"V286",1,0.0308450646174875,0.0308450646174875,0.217409890537897,0.641150266807672
"V287",1,0.176713054940994,0.176713054940994,1.24555310250695,0.264745892389833
"V288",1,0.143145695166603,0.143145695166603,1.00895525112625,0.31546356705847
"V289",1,0.0614542596130554,0.0614542596130554,0.433157265878674,0.510637231726359
"V290",1,0.001235353610343,0.001235353610343,0.00870732794795307,0.925678724355744
"V291",1,0.372094524375226,0.372094524375226,2.62268958802261,0.105748413216435
"V293",1,0.0712937278734165,0.0712937278734165,0.502510264290725,0.47861020602044
"V299",1,0.0898877872415695,0.0898877872415695,0.633569558930471,0.426290236769946
"V300",1,0.00437186432903428,0.00437186432903428,0.030814866397881,0.860699442367915
"V301",1,0.636164735446097,0.636164735446097,4.48397522302459,0.0345286828395735
"V303",1,0.028704882185394,0.028704882185394,0.202324922032798,0.652975238411057
"V306",1,0.426765450014563,0.426765450014563,3.00803486469014,0.0832462364726086
"V307",1,0.0934152031236725,0.0934152031236725,0.658432372813989,0.417360511449934
"V313",1,0.382201878540755,0.382201878540755,2.69393076679808,0.101132617753999
"V315",1,0.0279931244195638,0.0279931244195638,0.19730813312742,0.657025208883423
"V316",1,0.0721658308625813,0.0721658308625813,0.508657238458664,0.475933206851478
"V318",1,0.273484565311083,0.273484565311083,1.92764223856991,0.165411476500123
"V319",1,0.440925912524479,0.440925912524479,3.10784417429689,0.0783060816488533
"V320",1,0.549812979597277,0.549812979597277,3.87532920397222,0.0493530552285262
"V321",1,0.196650106921756,0.196650106921756,1.38607841320215,0.239426217407352
"V322",1,0.101340519838075,0.101340519838075,0.714293570082467,0.398280299239988
"V324",1,0.882866545744257,0.882866545744257,6.22284055650863,0.0128163212767151
"V326",1,0.00378281168660773,0.00378281168660773,0.0266629583990107,0.870333846647054
"V327",1,1.23352868634789,1.23352868634789,8.69446506272537,0.00328675013091992
"V329",1,0.00695880449737965,0.00695880449737965,0.0490487843942527,0.824784547208104
"V330",1,0.0577684525581506,0.0577684525581506,0.407178039759746,0.523591877839288
"V331",1,0.0220269156512178,0.0220269156512178,0.155255609933258,0.693669949131957
"V333",1,0.0407224106274568,0.0407224106274568,0.287029868367832,0.592282321183153
"V334",1,0.0505881728539782,0.0505881728539782,0.356568198481262,0.550591002472327
"V335",1,0.40516701385567,0.40516701385567,2.85579937096281,0.0914430249354679
"V336",1,1.73120928477411,1.73120928477411,12.2023417933624,0.000504078303279737
"V337",1,0.131638410729208,0.131638410729208,0.927846734060472,0.335720457482226
"V338",1,0.0613251978566718,0.0613251978566718,0.432247580563504,0.511081365553239
"V339",1,0.134255075235361,0.134255075235361,0.946290162560683,0.330965817892633
"V340",1,0.243111090641443,0.243111090641443,1.71355632612095,0.19090863660258
"V341",1,0.0139220797612325,0.0139220797612325,0.0981290807617045,0.754169891106584
"V342",1,0.050774730315834,0.050774730315834,0.357883139392039,0.549857241478158
"V345",1,0.0827640024142495,0.0827640024142495,0.583357918957278,0.445229205178496
"V347",1,0.0894945399559395,0.0894945399559395,0.630797775165925,0.427303477681208
"V349",1,0.0790395489715326,0.0790395489715326,0.557106295712647,0.455652552909411
"V350",1,0.126675060490576,0.126675060490576,0.892862808902135,0.344994174639864
"V351",1,0.514408774830606,0.514408774830606,3.62578444281326,0.0572570353867094
"V352",1,0.0305918190804465,0.0305918190804465,0.215624902074749,0.642523017887981
"V353",1,0.49752575348133,0.49752575348133,3.50678531381114,0.0614903878936744
"V354",1,0.116326560245568,0.116326560245568,0.819921924083136,0.36548153244634
"V355",1,0.0432597042848577,0.0432597042848577,0.304913855422451,0.580975723153428
"V356",1,0.106910152788902,0.106910152788902,0.75355084852205,0.385620307009056
"V357",1,0.0450345170415596,0.0450345170415596,0.31742353410022,0.573321439850804
"V358",1,0.0297005780594171,0.0297005780594171,0.209343034449319,0.647409742387485
"V361",1,0.215400187181745,0.215400187181745,1.51823741327083,0.218256294970212
"V362",1,0.034839080559695,0.034839080559695,0.245561511536923,0.62035688535032
"V364",1,0.356297233124995,0.356297233124995,2.51134317315529,0.113433326255237
"V365",1,0.00174096830577747,0.00174096830577747,0.0122711277633193,0.911823060500924
"V371",1,0.0109226734258602,0.0109226734258602,0.0769879156794225,0.781494809964258
"V373",1,0.0833887093647457,0.0833887093647457,0.587761134557891,0.443517261244371
"V375",1,0.367408703069798,0.367408703069798,2.58966181162704,0.10796637517085
"V377",1,0.261590664231361,0.261590664231361,1.84380867349626,0.17489636655565
"V380",1,6.10316064497926e-06,6.10316064497926e-06,4.30178216260851e-05,0.994768545078837
"V384",1,0.227168605296517,0.227168605296517,1.60118651796119,0.20611156224977
"V387",1,0.254342457093434,0.254342457093434,1.7927200491087,0.18098367863281
"V388",1,0.642511348361358,0.642511348361358,4.52870900576438,0.0336424895144581
"V390",1,3.95798197519457,3.95798197519457,27.8976373902671,1.65885018988441e-07
"V393",1,0.000681291103002982,0.000681291103002982,0.00480204616087418,0.944771067660172
"V394",1,0.0876939534296881,0.0876939534296881,0.618106431366489,0.431989679617716
"V395",1,0.016681971071453,0.016681971071453,0.117582036205064,0.731763944160488
"V396",1,0.293689719998673,0.293689719998673,2.07005725774415,0.150615478988551
"V397",1,0.0515825071123541,0.0515825071123541,0.363576713618203,0.546701102220654
"V398",1,0.662568076852935,0.662568076852935,4.67007785034219,0.0309950800816271
"V399",1,1.06037583360003,1.06037583360003,7.47400586677042,0.00640094812348213
"V400",1,0.123180908808577,0.123180908808577,0.868234456064268,0.351731761303012
"V401",1,0.0147054957398046,0.0147054957398046,0.103650948984683,0.747577509555747
"V402",1,0.0228702587266075,0.0228702587266075,0.161199871291764,0.688163771690732
"V403",1,2.69351077950119,2.69351077950119,18.9850756027271,1.49287946662206e-05
"V404",1,0.395996419120983,0.395996419120983,2.79116089404079,0.0951851622808181
"V405",1,7.08694325955907e-05,7.08694325955907e-05,0.000499519640310785,0.982174509838483
"V406",1,0.191588088838176,0.191588088838176,1.35039903268861,0.245562453850423
"V407",1,0.224813465826924,0.224813465826924,1.58458643556112,0.208476461625931
"V408",1,0.195542490348163,0.195542490348163,1.37827143334949,0.240752756975952
"V410",1,0.199997316215313,0.199997316215313,1.40967104998681,0.235471072357358
"V411",1,0.00783727829114288,0.00783727829114288,0.0552406628587963,0.814244321004586
"V412",1,0.840683982286262,0.840683982286262,5.92551887416691,0.0151456650993019
"V414",1,0.16907081525271,0.16907081525271,1.19168715945582,0.275325284727115
"V415",1,0.209615236154982,0.209615236154982,1.47746247617498,0.224538323388783
"V416",1,0.0321646486486006,0.0321646486486006,0.226710912381023,0.634106261090674
"V417",1,0.536621424715788,0.536621424715788,3.7823491911768,0.0521535825510678
"V418",1,0.000638109928320582,0.000638109928320582,0.00449768581741502,0.946547246161056
"V419",1,0.124344895793596,0.124344895793596,0.87643875993391,0.349467578645441
"V420",1,0.544135588388255,0.544135588388255,3.8353123968557,0.0505383092613895
"V421",1,0.000724129253745366,0.000724129253745366,0.00510398871730077,0.943064063740986
"V422",1,0.092778890285804,0.092778890285804,0.65394735369847,0.418950558211113
"V424",1,0.476524309230194,0.476524309230194,3.35875768759607,0.0672280606025031
"V425",1,0.0183690878532834,0.0183690878532834,0.129473594203437,0.719075487055258
"V426",1,0.0133305039781157,0.0133305039781157,0.0939593885322587,0.759284188287235
"V427",1,0.373130602709381,0.373130602709381,2.62999233418348,0.105264790074266
"V430",1,0.419053513929835,0.419053513929835,2.95367767008516,0.0860776537140261
"V431",1,0.415008177636656,0.415008177636656,2.92516432016692,0.0876044829568251
"V432",1,0.248441234032821,0.248441234032821,1.75112557441533,0.186121564981807
"V433",1,4.57654748113258e-06,4.57654748113258e-06,3.22575653270125e-05,0.995469826317436
"V434",1,0.095694757809994,0.095694757809994,0.674499699661063,0.411737174194524
"V435",1,0.305312239129165,0.305312239129165,2.15197800076319,0.142787865118394
"V437",1,0.562566593169766,0.562566593169766,3.96522240942154,0.0467964453345797
"V438",1,0.0953658725350515,0.0953658725350515,0.672181568299969,0.412541541493528
"V439",1,0.013021695811821,0.013021695811821,0.0917827696642511,0.762003319892767
"V442",1,0.555724093400166,0.555724093400166,3.91699339306633,0.048150212868592
"V443",1,0.345570702002575,0.345570702002575,2.4357377566617,0.119002149232917
"V444",1,0.045030931546888,0.045030931546888,0.317398261920903,0.573336701597347
"V446",1,0.437614072298986,0.437614072298986,3.0845008346141,0.079432423272104
"V447",1,0.117779038651526,0.117779038651526,0.830159645260386,0.362506778763315
"V449",1,1.08940511706623,1.08940511706623,7.67861731495661,0.00572039689441641
"V453",1,0.0603474578381803,0.0603474578381803,0.425356029093897,0.514467921856398
"V458",1,0.107987939751955,0.107987939751955,0.761147575861296,0.383237079909528
"V460",1,0.230818167452697,0.230818167452697,1.62691027372977,0.202509219075521
"V461",1,0.421274943436523,0.421274943436523,2.96933530451958,0.0852515134016478
"V462",1,0.046947325658175,0.046947325658175,0.33090586967369,0.565291426392244
"V466",1,0.127705628451289,0.127705628451289,0.900126715472247,0.343040460806656
"V469",1,0.451108064084329,0.451108064084329,3.17961255875384,0.0749496958243198
"V470",1,0.099665357922912,0.099665357922912,0.702486275362054,0.402205302852704
"V471",1,0.169739231359123,0.169739231359123,1.19639845684913,0.274379078154389
"V472",1,0.397715226443968,0.397715226443968,2.80327582122866,0.0944712740994342
"V473",1,0.107647840899458,0.107647840899458,0.758750406161361,0.383986847632861
"V474",1,5.03750186667052,5.03750186667052,35.5065791885672,3.84043806942818e-09
"V476",1,0.116553006460322,0.116553006460322,0.821518018867604,0.365015537249172
"V478",1,0.470160347241283,0.470160347241283,3.31390162078102,0.0690778237305019
"V479",1,0.133525800937288,0.133525800937288,0.941149909256552,0.332281862903813
"V481",1,0.157918745826958,0.157918745826958,1.11308235757937,0.291738318624043
"V485",1,0.222696541663228,0.222696541663228,1.56966540179401,0.210629637909331
"V486",1,0.000396781700429217,0.000396781700429217,0.00279669590994631,0.957837983929979
"V490",1,0.191819190314397,0.191819190314397,1.35202793984998,0.245278157037551
"V493",1,0.190094049117132,0.190094049117132,1.33986836866701,0.247410157544817
"V495",1,0.146537654425547,0.146537654425547,1.03286330579694,0.309801030859364
"V497",1,0.017844050702404,0.017844050702404,0.125772896185242,0.722951243133574
"V506",1,0.0420695544287943,0.0420695544287943,0.29652514386878,0.586224131462207
"V507",1,0.033815245776882,0.033815245776882,0.238345063433453,0.62554064585762
"V509",1,0.194944694777927,0.194944694777927,1.37405790126256,0.241472427068178
"V512",1,0.164849871759691,0.164849871759691,1.16193605099928,0.281396350029173
"V513",1,0.00309121922852996,0.00309121922852996,0.0217883036536847,0.882689655132416
"V515",1,0.0273576941602397,0.0273576941602397,0.192829334822495,0.660693297331547
"V518",1,0.0658874387290283,0.0658874387290283,0.464404306476285,0.495774278446842
"V526",1,0.559305491520373,0.559305491520373,3.94223669804697,0.0474365559784819
"V527",1,0.137667700887736,0.137667700887736,0.970343883268695,0.324898713863069
"V534",1,0.0488032395194916,0.0488032395194916,0.3439871854187,0.557705777160661
"V535",1,0.23589042062124,0.23589042062124,1.6626617957262,0.197625072959181
"V536",1,0.571237355593782,0.571237355593782,4.02633784337711,0.0451384686921602
"V537",1,0.101230223064941,0.101230223064941,0.71351614881034,0.398537018198537
"V539",1,0.595948739802478,0.595948739802478,4.20051479526479,0.0407443820370579
"V540",1,0.00194180572523909,0.00194180572523909,0.0136867202388918,0.906897774807602
"V541",1,0.474748306504994,0.474748306504994,3.34623962148504,0.0677388785022858
"V542",1,0.00146519050642627,0.00146519050642627,0.0103273217796633,0.919081597554163
"V544",1,0.0019704613430997,0.0019704613430997,0.0138886979238029,0.906216481824899
"V547",1,0.038919954261665,0.038919954261665,0.274325345098201,0.600593150701698
"V549",1,0.15924560891069,0.15924560891069,1.12243468545971,0.289721511703735
"V551",1,0.000244303946978111,0.000244303946978111,0.00172196411416738,0.966910617587732
"V555",1,0.0955339882141068,0.0955339882141068,0.673366523229854,0.412130085031264
"V558",1,0.126266967620691,0.126266967620691,0.889986386781731,0.345771986595339
"V561",1,0.467304420363816,0.467304420363816,3.29377176345979,0.069925601896905
"V562",1,0.00210695647337824,0.00210695647337824,0.0148507770019575,0.903038181738876
"V565",1,0.30757405034782,0.30757405034782,2.16792026366856,0.141318522391347
"V566",1,1.18290226619641,1.18290226619641,8.33762728008645,0.00399022167432665
"V571",1,0.0228793832773734,0.0228793832773734,0.161264185230082,0.6881048468177
"V572",1,0.263913909062844,0.263913909062844,1.86018394813969,0.172995509408307
"V573",1,0.537940001496434,0.537940001496434,3.79164311346554,0.0518662251115802
"V574",1,0.12207750340709,0.12207750340709,0.860457158446931,0.353896632186126
"V577",1,0.554578329267896,0.554578329267896,3.90891753206009,0.0483809164838888
"V588",1,0.542893138542708,0.542893138542708,3.82655505144991,0.0508016900296037
"V590",1,0.0912029083805245,0.0912029083805245,0.642839124302112,0.422927827417708
"V601",1,0.0568154102679361,0.0568154102679361,0.400460568988877,0.527036257507612
"V606",1,0.0533703648993372,0.0533703648993372,0.376178339537475,0.53983377241849
"V612",1,0.00182201453055112,0.00182201453055112,0.0128423780127533,0.909802567559336
"V617",1,0.00661266637523692,0.00661266637523692,0.0466090472051992,0.829128717018563
"V633",1,0.0556610620276529,0.0556610620276529,0.392324203327957,0.531262779221194
"V660",1,0.184480598811047,0.184480598811047,1.3003022457971,0.254506696809531
"V661",1,0.102295617944494,0.102295617944494,0.721025531170715,0.396067253538547
"V667",1,0.505705029942227,0.505705029942227,3.56443653361228,0.0593992800441443
"V669",1,0.06623448715889,0.06623448715889,0.466850459923628,0.494641806068914
"V672",1,0.172242168987308,0.172242168987308,1.21404028715537,0.270871997038386
"V685",1,0.104817715559526,0.104817715559526,0.738802409683044,0.390307854530906
"V689",1,0.0025355055283944,0.0025355055283944,0.0178713835170225,0.893686892545342
"V692",1,0.422877977743707,0.422877977743707,2.98063421141362,0.0846606901843039
"V693",1,0.169514439000179,0.169514439000179,1.19481401918437,0.274696836251057
"V694",1,0.0137445136206855,0.0137445136206855,0.0968775147281008,0.75569225899408
"V695",1,0.115118489902946,0.115118489902946,0.811406900878987,0.36798159524894
"V697",1,0.0198240703284819,0.0198240703284819,0.139728965187102,0.708651797742876
"V713",1,0.0095794054912706,0.0095794054912706,0.0675199590308046,0.795050852351451
"V714",1,0.0559752085463127,0.0559752085463127,0.394538449304799,0.530106551944947
"V716",1,0.662230526611579,0.662230526611579,4.66769864440003,0.0310377852335925
"V719",1,0.00105625749042062,0.00105625749042062,0.00744497793147718,0.931262489158582
"V724",1,0.0749275192196219,0.0749275192196219,0.528122860296382,0.467614316601587
"V731",1,0.106773093120586,0.106773093120586,0.75258479032586,0.385924886689701
"V739",1,0.104826517533258,0.104826517533258,0.738864449953326,0.390287965802496
"V746",1,0.0847455493187429,0.0847455493187429,0.597324752904429,0.439833814449298
"V747",1,0.406776747086437,0.406776747086437,2.86714549488365,0.0908028406591935
"V753",1,0.896222196019856,0.896222196019856,6.31697718745718,0.0121584336216502
"V757",1,0.0143637769730864,0.0143637769730864,0.101242361400631,0.750428659333911
"V761",1,0.286781856138302,0.286781856138302,2.02136752587429,0.155497585803768
"V776",1,0.0142422691146377,0.0142422691146377,0.100385919356095,0.751451461513626
"V778",1,0.0240374067065595,0.0240374067065595,0.169426455275609,0.680734683675552
"V779",1,1.6822232533385,1.6822232533385,11.8570662082931,0.000604950285372156
"V780",1,0.0739284791310546,0.0739284791310546,0.521081176351416,0.470596355498746
"V785",1,0.107276942740664,0.107276942740664,0.756136149096126,0.384806892729315
"V794",1,0.393542158431058,0.393542158431058,2.77386216069187,0.0962147328413608
"V796",1,0.0368886674357501,0.0368886674357501,0.260007921810235,0.610258406314509
"V797",1,0.0622925857160675,0.0622925857160675,0.439066165359066,0.507768516108958
"V798",1,0.279976710737306,0.279976710737306,1.97340179991221,0.160483820152756
"V799",1,0.141702714356063,0.141702714356063,0.998784473273836,0.317913552389081
"V801",1,0.0361714034165759,0.0361714034165759,0.254952322354398,0.613751459138286
"V802",1,0.0101360204392061,0.0101360204392061,0.0714432315673711,0.789317296932484
"V803",1,0.5581884760745,0.5581884760745,3.93436347071456,0.0476579334005686
"V805",1,0.94014821244312,0.94014821244312,6.62658751056,0.0102294588374382
"V806",1,0.280943184094397,0.280943184094397,1.98021393888416,0.159764688668937
"V807",1,0.516361553542022,0.516361553542022,3.63954850559474,0.0567877874247524
"V810",1,0.000518347339275486,0.000518347339275486,0.00365354521671524,0.951816991218568
"V811",1,0.0959013122399471,0.0959013122399471,0.675955588198277,0.411233178635466
"V812",1,0.443715618181737,0.443715618181737,3.12750727466963,0.0773706803274422
"V813",1,0.444699548530404,0.444699548530404,3.13444245837093,0.0770436435586495
"V814",1,0.237647557807988,0.237647557807988,1.67504688903589,0.19596548628127
"V815",1,0.153589676558329,0.153589676558329,1.08256913001784,0.298444697939897
"V816",1,0.023673225701274,0.023673225701274,0.166859543729889,0.683029732684574
"V817",1,0.0546637674119335,0.0546637674119335,0.385294822260794,0.534963702665013
"V818",1,0.0340218397409162,0.0340218397409162,0.239801230624654,0.624486876910518
"V819",1,2.67992979028249,2.67992979028249,18.8893506815427,1.56782911630599e-05
"V820",1,0.1204423142172,0.1204423142172,0.848931609475276,0.357138549001156
"V821",1,0.0241801727463327,0.0241801727463327,0.170432734544741,0.679840528095534
"V823",1,0.16386703357169,0.16386703357169,1.15500856533764,0.282834191793634
"V824",1,0.000480731814696748,0.000480731814696748,0.00338841407879723,0.953596138947701
"V825",1,0.0475500214205622,0.0475500214205622,0.335153940519162,0.562806401014009
"V828",1,0.0108283020637487,0.0108283020637487,0.0763227438679506,0.782416891234641
"V830",1,0.198534923188934,0.198534923188934,1.39936344610492,0.237189235838605
"V831",1,0.000641796296472956,0.000641796296472956,0.00452366899840131,0.946393302234807
"V832",1,0.571184710897965,0.571184710897965,4.0259667798797,0.0451483458732892
"V833",1,0.0215487548694253,0.0215487548694253,0.151885317650904,0.696846133184918
"V834",1,0.289253047928425,0.289253047928425,2.03878559723356,0.153730727727311
"V835",1,0.0298635630868441,0.0298635630868441,0.210491826238594,0.646509511615337
"V836",1,0.763020705299628,0.763020705299628,5.37811316249575,0.0206474439971434
"V837",1,0.00413237565364967,0.00413237565364967,0.0291268424839704,0.864530583039992
"V838",1,0.166816435858274,0.166816435858274,1.17579727939062,0.278547011346385
"V840",1,0.00547137571811361,0.00547137571811361,0.0385647172641159,0.844364477309352
"V841",1,0.383667478247635,0.383667478247635,2.70426097280661,0.100481841548056
"V842",1,0.165263005097321,0.165263005097321,1.16484800060371,0.28079471913656
"V843",1,0.279733182468661,0.279733182468661,1.97168530312786,0.160665606396907
"V845",1,0.000842432541630085,0.000842432541630085,0.00593784350698107,0.938597564326278
"V846",1,0.202685185153974,0.202685185153974,1.42861635935741,0.232352263028576
"V847",1,0.042058417487455,0.042058417487455,0.296446645696462,0.586273696770756
"V848",1,0.102964325525093,0.102964325525093,0.725738883005214,0.394528355487573
"V849",1,0.143230666320506,0.143230666320506,1.00955416604174,0.315320070765919
"V850",1,0.347786828514134,0.347786828514134,2.45135801320099,0.117827274295314
"V854",1,0.202241934789704,0.202241934789704,1.42549213140159,0.232863120556277
"V856",1,9.7875462937521e-05,9.7875462937521e-05,0.000689870290352006,0.979052358966232
"V859",1,0.971761451218844,0.971761451218844,6.84941183811488,0.00903812823302833
"V860",1,0.235659786258782,0.235659786258782,1.66103618099275,0.197844126053145
"V861",1,0.112048461187001,0.112048461187001,0.78976795749018,0.37444322330198
"V862",1,0.00119954513301633,0.00119954513301633,0.00845493369193631,0.926760717923172
"V863",1,0.103464953876893,0.103464953876893,0.729267536827621,0.393381892875408
"V864",1,0.743504057505643,0.743504057505643,5.24055104962045,0.0223316425942832
"V865",1,0.024535221210293,0.024535221210293,0.172935275831087,0.677630149080566
"V867",1,0.00215009208460026,0.00215009208460026,0.015154816193652,0.902055622947676
"V868",1,0.0129046689179783,0.0129046689179783,0.0909579114739425,0.763042962932135
"V869",1,0.80129596039586,0.80129596039586,5.64789437786932,0.0177158477918577
"V870",1,0.188552318528261,0.188552318528261,1.32900155795605,0.249334733445988
"V871",1,0.379317269820312,0.379317269820312,2.67359874694552,0.102427007553229
"V872",1,0.177496009288339,0.177496009288339,1.25107171694538,0.263690915923076
"V873",1,0.0469260430881107,0.0469260430881107,0.330755860546284,0.565379565878332
"V874",1,0.0674902797974103,0.0674902797974103,0.475701851336314,0.490580032839288
"V875",1,0.0429595920332275,0.0429595920332275,0.302798529272704,0.582290228994979
"V876",1,0.00462488104176642,0.00462488104176642,0.0325982420043683,0.856767655853285
"V877",1,0.0200564680153523,0.0200564680153523,0.141367008624207,0.707027630724655
"V878",1,0.356095675880594,0.356095675880594,2.50992250702974,0.11353527264946
"V879",1,0.836417860719356,0.836417860719356,5.89544933032304,0.015404387483436
"V880",1,0.00474860642352528,0.00474860642352528,0.0334703141507078,0.854885442863452
"V881",1,0.147468629334877,0.147468629334877,1.03942523574071,0.308270085470755
"V882",1,1.77290098657261,1.77290098657261,12.4962036619225,0.000431724229060225
"V883",1,0.00526847470859173,0.00526847470859173,0.0371345796775286,0.84724127241296
"V884",1,0.229534840268823,0.229534840268823,1.61786480645549,0.203767403747831
"V885",1,0.345504149724874,0.345504149724874,2.43526866627109,0.119037631977737
"V886",1,0.423799048586215,0.423799048586215,2.98712633303925,0.0843232227281672
"V887",1,0.300982584736807,0.300982584736807,2.1214606489864,0.145648832357483
"V888",1,0.00445876206553494,0.00445876206553494,0.0314273607341674,0.859336162808898
"V889",1,0.023155699778383,0.023155699778383,0.163211788225352,0.686326866797124
"V890",1,0.307016388570593,0.307016388570593,2.16398961260825,0.141679208735729
"V892",1,0.117551822270426,0.117551822270426,0.828558121997073,0.362969911978059
"V893",1,0.120409300540135,0.120409300540135,0.848698914228695,0.357204420719844
"V894",1,0.000276648101322827,0.000276648101322827,0.00194994026344213,0.964789617073479
"V895",1,0.80180362394546,0.80180362394546,5.65147261893048,0.017680000242658
"V896",1,0.0398234030106758,0.0398234030106758,0.280693258281877,0.596397379791452
"V897",1,0.0355857409424117,0.0355857409424117,0.250824309786449,0.616636002548953
"V898",1,0.354475444426063,0.354475444426063,2.49850238690537,0.114358461255358
"V899",1,0.215645483072199,0.215645483072199,1.51996636904882,0.21799460215672
"V901",1,0.203168791266712,0.203168791266712,1.43202503278175,0.231796439244909
"V902",1,0.0896350307300318,0.0896350307300318,0.63178801733905,0.426941072716522
"V903",1,0.0108699239251865,0.0108699239251865,0.0766161134702323,0.782009682316043
"V904",1,0.71599884852287,0.71599884852287,5.04668196397177,0.0249510802003914
"V905",1,1.26424300018271,1.26424300018271,8.91095336293104,0.00292290617293979
"V906",1,0.0202962252731248,0.0202962252731248,0.143056925627605,0.705363247808283
"V907",1,0.0296307385429685,0.0296307385429685,0.208850774121302,0.647796408212681
"V909",1,0.0117636487331863,0.0117636487331863,0.0829154879435175,0.773460832560796
"V910",1,0.166309003499216,0.166309003499216,1.17222066786439,0.279278723934993
"V912",1,0.0190492330670675,0.0190492330670675,0.134267563621638,0.714146668427827
"V914",1,0.000810157942138366,0.000810157942138366,0.00571035761159828,0.939782967090838
"V918",1,0.0809661831470996,0.0809661831470996,0.570686080044793,0.450213596139322
"V919",1,0.122940160460087,0.122940160460087,0.86653755340767,0.352202560349896
"V920",1,8.65551968756988e-05,8.65551968756988e-05,0.000610079962924217,0.980300710391232
"V921",1,0.00393996789563046,0.00393996789563046,0.02777066605418,0.867692147668892
"V922",1,1.08668411208586,1.08668411208586,7.65943844785834,0.00578091761902495
"V923",1,0.328261764243327,0.328261764243327,2.31373657721104,0.12863916487791
"V927",1,0.0194969109231608,0.0194969109231608,0.137422998531452,0.710956726019894
"V929",1,0.276499262185879,0.276499262185879,1.94889117825223,0.163102063409379
"V933",1,1.90890603840622,1.90890603840622,13.454828446744,0.000260910901876788
"V934",1,0.0780111312796846,0.0780111312796846,0.549857545204757,0.458598250814696
"V935",1,0.0414407684399035,0.0414407684399035,0.292093177370677,0.589035978769227
"V936",1,0.0209065057538197,0.0209065057538197,0.147358456979563,0.701176815810071
"V937",1,0.105351329191793,0.105351329191793,0.74256355860004,0.389104732226907
"V938",1,0.190731022022702,0.190731022022702,1.34435804023661,0.246620328320236
"V939",1,0.0283296397865615,0.0283296397865615,0.199680044809584,0.65510279751874
"V941",1,0.219759178755145,0.219759178755145,1.54896154669642,0.213661202350567
"V942",1,0.873457958473431,0.873457958473431,6.15652460113511,0.0133017050257752
"V944",1,0.0222454779449271,0.0222454779449271,0.156796135295753,0.692231405833986
"V945",1,0.0704873917121537,0.0704873917121537,0.496826844309899,0.481107312492186
"V946",1,0.314407935453331,0.314407935453331,2.21608855999612,0.136981328454798
"V947",1,0.0148688439709082,0.0148688439709082,0.104802300796851,0.746227515145015
"V948",1,0.164675252074587,0.164675252074587,1.16070525290905,0.281651132531504
"V950",1,0.0642260022469831,0.0642260022469831,0.452693754782633,0.50125701537276
"V951",1,0.23099572051914,0.23099572051914,1.62816174761121,0.20233586707363
"V952",1,0.0317119719918924,0.0317119719918924,0.223520243675852,0.636502416046949
"V953",1,0.0533271814026969,0.0533271814026969,0.375873962827812,0.539997769495926
"V954",1,0.108874797607989,0.108874797607989,0.76739854896815,0.381291694699948
"V955",1,7.45840314293833e-05,7.45840314293833e-05,0.000525701803838794,0.981713397161142
"V956",1,0.00159893809125507,0.00159893809125507,0.0112700349215529,0.915482264502709
"V958",1,0.442284512944075,0.442284512944075,3.11742020119688,0.0778490223414584
"V965",1,0.0372807663576407,0.0372807663576407,0.262771611390575,0.608366955220831
"V968",1,0.00505359296504056,0.00505359296504056,0.0356199964881789,0.850351300810125
"V969",1,0.0861763467678445,0.0861763467678445,0.607409656944953,0.436000281240278
"V970",1,0.0794165320093591,0.0794165320093591,0.559763441742486,0.454580226920996
"V971",1,0.710984466988426,0.710984466988426,5.01133834728501,0.025462074124605
"V972",1,0.0578418502868927,0.0578418502868927,0.407695379968607,0.523328272697757
"V973",1,0.0329159446749139,0.0329159446749139,0.23200638473188,0.630174690176543
"V974",1,0.00604984326602717,0.00604984326602717,0.0426420167553386,0.836454489392228
"V975",1,0.819177083603522,0.819177083603522,5.77392857774804,0.0164973527484996
"V977",1,0.229202305340089,0.229202305340089,1.61552095069274,0.20409492707994
"V978",1,0.301294582395349,0.301294582395349,2.12365974883051,0.145440520472035
"V979",1,0.00477505807258372,0.00477505807258372,0.0336567572720843,0.854486338052968
"V980",1,0.355085570827788,0.355085570827788,2.50280283223944,0.114047703917841
"V981",1,0.0762186491568972,0.0762186491568972,0.537223324886561,0.463805119093796
"V982",1,0.0108433993009414,0.0108433993009414,0.0764291559869138,0.78226908967708
"V984",1,0.036185533896131,0.036185533896131,0.255051920330652,0.613682225792131
"V989",1,0.0333082053833247,0.0333082053833247,0.234771214656392,0.628143899520212
"V990",1,0.00746852055436284,0.00746852055436284,0.0526414924507402,0.818588936218051
"V991",1,0.0310552524074436,0.0310552524074436,0.218891388630816,0.640016117379209
"V995",1,0.0809137332032901,0.0809137332032901,0.570316389247132,0.450360314997616
"V996",1,0.0963548135326418,0.0963548135326418,0.679152069308829,0.410129814200527
"V997",1,0.0476414927502712,0.0476414927502712,0.335798671597732,0.562431087696557
"V998",1,0.0818233734607744,0.0818233734607744,0.576727942967671,0.447826295498251
"V1000",1,0.00576459343912021,0.00576459343912021,0.0406314476606434,0.840303348639596
"V1001",1,0.236257134952309,0.236257134952309,1.66524656329162,0.197277359367494
"V1002",1,0.0799579648770908,0.0799579648770908,0.563579704148383,0.453047051256333
"V1005",1,0.00336166137178309,0.00336166137178309,0.0236945015330097,0.877704448387684
"V1008",1,0.128564216480563,0.128564216480563,0.906178430123401,0.341424182923732
"V1009",1,0.0580817170743671,0.0580817170743671,0.409386068986613,0.522468439636772
"V1010",1,0.0998194456738824,0.0998194456738824,0.703572355144578,0.401841924373667
"V1011",1,0.00161122356970717,0.00161122356970717,0.0113566285000913,0.915159412970442
"V1014",1,0.0025129649683952,0.0025129649683952,0.0177125075106708,0.894157708021186
"V1015",1,0.123280999386132,0.123280999386132,0.868939939478873,0.351536280556617
"V1020",1,0.752440877994366,0.752440877994366,5.30354178049765,0.021543410157626
"V1021",1,0.0515531029750317,0.0515531029750317,0.363369460031417,0.546815397341607
"V1022",1,0.108239196166444,0.108239196166444,0.762918544093928,0.382684504881836
"V1023",1,0.218559572953107,0.218559572953107,1.54050618538192,0.214914186741928
"V1024",1,0.947145382585512,0.947145382585512,6.67590671327841,0.00995256460746049
"V1025",1,0.0392200170729488,0.0392200170729488,0.276440322770146,0.599192772772411
"V1027",1,0.23131251237218,0.23131251237218,1.63039463909471,0.202027005120148
"V1028",1,0.00224074924051612,0.00224074924051612,0.015793808609086,0.900022702661398
"V1029",1,0.149019576842977,0.149019576842977,1.05035701144446,0.305741392468623
"V1030",1,1.34473846731993,1.34473846731993,9.47832162479487,0.00215170153946469
"V1031",1,0.0354902755827644,0.0354902755827644,0.250151426988229,0.617109005760061
"V1032",1,0.255400001197023,0.255400001197023,1.80017409566856,0.180080418771739
"V1033",1,0.0663289698828004,0.0663289698828004,0.467516416663152,0.494334248178378
"V1037",1,0.0951147399592414,0.0951147399592414,0.670411472938055,0.413157309604624
"V1038",1,0.147996563483462,0.147996563483462,1.0431463531019,0.307406292931791
"V1040",1,0.0104121847283537,0.0104121847283537,0.073389761704968,0.78653515245521
"V1043",1,0.123602418555084,0.123602418555084,0.871205446366453,0.350909538213077
"V1044",1,0.207833753650689,0.207833753650689,1.46490578611591,0.226516405370663
"V1047",1,0.0766009097699286,0.0766009097699286,0.53991766964047,0.462686851916742
"V1049",1,0.0243596590891572,0.0243596590891572,0.171697835027767,0.678720763885657
"V1056",1,0.669985839537062,0.669985839537062,4.72236157849096,0.0300719577022094
"V1057",1,0.0266896365882662,0.0266896365882662,0.18812056454119,0.664604952159066
"V1059",1,0.0341916691358372,0.0341916691358372,0.240998264594846,0.623623599291484
"V1060",1,0.212888875482896,0.212888875482896,1.50053655874761,0.22095719550723
"V1061",1,0.111338275275271,0.111338275275271,0.784762247719574,0.375960597647163
"V1062",1,0.0512070766424428,0.0512070766424428,0.360930510785425,0.548163765908961
"V1063",1,0.526388508620999,0.526388508620999,3.71022299544207,0.0544418811340002
"V1064",1,0.643023910456894,0.643023910456894,4.53232177398083,0.0335719664334923
"V1065",1,0.104673090406689,0.104673090406689,0.737783026548753,0.390634854154519
"V1066",1,0.257613162049044,0.257613162049044,1.81577344890537,0.178206975772039
"V1067",1,0.00172829757844848,0.00172829757844848,0.0121818187773991,0.912143214089479
"V1068",1,0.359975835342954,0.359975835342954,2.53727161634245,0.111590349037839
"V1069",1,0.0129103285765578,0.0129103285765578,0.0909978032935097,0.762992565579167
"V1070",1,0.0975652701927204,0.0975652701927204,0.68768391235186,0.407206015873291
"V1071",1,0.106106386341413,0.106106386341413,0.747885541039843,0.387411371983711
"V1072",1,0.0232898318040108,0.0232898318040108,0.164157211078926,0.68546823114962
"V1074",1,0.507513031053216,0.507513031053216,3.57718013874027,0.058947356215583
"V1075",1,0.00154838885557816,0.00154838885557816,0.0109137411698108,0.916824038425373
"V1076",1,0.173483391303909,0.173483391303909,1.22278898038497,0.269153648424662
"V1079",1,0.521440638546367,0.521440638546367,3.67534818144308,0.0555863421279048
"V1080",1,1.06526855620066,1.06526855620066,7.50849197656553,0.006280692281369
"V1082",1,0.0101597321399614,0.0101597321399614,0.0716103623005896,0.789076837157033
"V1083",1,0.0939676088706325,0.0939676088706325,0.662325977008645,0.415987402099243
"V1087",1,0.0114612160514331,0.0114612160514331,0.0807838063584587,0.776313163189423
"V1090",1,0.0581223216382502,0.0581223216382502,0.409672268218116,0.522323135148525
"V1095",1,0.0333762480743747,0.0333762480743747,0.235250810150729,0.627793137183094
"V1097",1,0.100894310489498,0.100894310489498,0.711148485874214,0.399320343332189
"V1101",1,0.0509648740440402,0.0509648740440402,0.359223357921273,0.549111256656337
"V1104",1,0.0244327431328639,0.0244327431328639,0.172212964243392,0.678266198263165
"V1107",1,0.0127317205907267,0.0127317205907267,0.089738893865688,0.764588861301146
"V1108",1,0.0173082465984066,0.0173082465984066,0.121996307838146,0.726973248833864
"V1109",1,0.0586844101770273,0.0586844101770273,0.413634121085133,0.52031900613582
"V1118",1,0.309659480568258,0.309659480568258,2.18261931395659,0.139978829461437
"V1119",1,0.0204254187252717,0.0204254187252717,0.143967539193755,0.704471049419242
"V1121",1,0.0907960548495068,0.0907960548495068,0.639971437599541,0.42396377334055
"V1122",1,0.191645310513744,0.191645310513744,1.35080235679818,0.245492023264193
"V1182",1,0.0140249136250751,0.0140249136250751,0.0988539000920858,0.753293113443186
"V1189",1,0.260129326415525,0.260129326415525,1.83350850721294,0.17610436286815
"V1193",1,0.686825638788059,0.686825638788059,4.84105605870171,0.0280812419477611
"V1198",1,0.131415219597745,0.131415219597745,0.926273582567284,0.33613022888041
"V1205",1,3.83922519510319,3.83922519510319,27.0605861835187,2.51992635319155e-07
"V1206",1,0.15851468796783,0.15851468796783,1.11728282586241,0.290830287057331
"V1207",1,0.0445585737842314,0.0445585737842314,0.314068871927806,0.575354339250363
"V1209",1,0.649304499951022,0.649304499951022,4.57659019394898,0.0327202807005589
"V1210",1,0.072179531789134,0.072179531789134,0.50875380875213,0.475891345565814
"V1211",1,0.619121368023552,0.619121368023552,4.36384590276919,0.0370316879827702
"V1212",1,0.0262416186375989,0.0262416186375989,0.184962732491833,0.667260921375945
"V1214",1,0.241206624777132,0.241206624777132,1.70013279401855,0.19265380680953
"V1216",1,0.0850821894936635,0.0850821894936635,0.599697544288976,0.43892721835797
"V1218",1,0.00514695320609345,0.00514695320609345,0.0362780414635944,0.848991823084851
"V1223",1,0.15011241795559,0.15011241795559,1.05805984720166,0.303975746402706
"V1224",1,0.00726928853637093,0.00726928853637093,0.051237215566888,0.820983319295977
"V1225",1,0.00609691771331556,0.00609691771331556,0.0429738186354455,0.835828478638224
"V1228",1,0.0218045161856133,0.0218045161856133,0.15368803845716,0.695142237946712
"V1229",1,0.385724646890116,0.385724646890116,2.71876082278022,0.0995761076289353
"V1231",1,0.577317601907801,0.577317601907801,4.06919415449098,0.0440128906688662
"V1232",1,0.040079865039805,0.040079865039805,0.282500918028146,0.59521744075219
"V1233",1,0.35587119646338,0.35587119646338,2.50834027511907,0.113648932033509
"V1235",1,9.12621751952043e-05,9.12621751952043e-05,0.000643256863472117,0.979772277157959
"V1236",1,0.172679150782831,0.172679150782831,1.21712033141885,0.270265477700015
"V1237",1,0.0580635967637508,0.0580635967637508,0.409258348886284,0.522533306746834
"V1239",1,0.133271278842258,0.133271278842258,0.939355923038459,0.332742816086825
"V1241",1,0.0801767553634227,0.0801767553634227,0.565121837915131,0.452429803509229
"V1243",1,0.179144483123046,0.179144483123046,1.26269090206957,0.261486746842393
"V1244",1,0.249579319702137,0.249579319702137,1.75914731416064,0.185117636647068
"V1246",1,0.111249079637027,0.111249079637027,0.784133556738132,0.376151782608762
"V1248",1,0.124331911469024,0.124331911469024,0.87634724057355,0.349492725989169
"V1249",1,0.214660498124322,0.214660498124322,1.5130237520579,0.219047704317157
"V1255",1,0.42254248422353,0.42254248422353,2.9782695021675,0.0847839735188835
"V1257",1,0.770461184182196,0.770461184182196,5.43055700462963,0.0200405479978658
"V1258",1,0.202146351935195,0.202146351935195,1.42481842044673,0.232973460259031
"V1259",1,0.0116768418555484,0.0116768418555484,0.0823036340213674,0.774275432512575
"V1260",1,0.0163669612515037,0.0163669612515037,0.115361705292394,0.734211665405127
"V1261",1,0.0392526098208487,0.0392526098208487,0.276670051118624,0.599041076180383
"V1262",1,0.0264865730771813,0.0264865730771813,0.186689281570488,0.6658054620692
"V1264",1,0.0167655341189743,0.0167655341189743,0.118171026153373,0.731118975438272
"V1266",1,0.0728226784757086,0.0728226784757086,0.513286995907417,0.473933018129745
"V1268",1,0.0559249518150819,0.0559249518150819,0.394184217255971,0.530291219180256
"V1269",1,0.147192645658944,0.147192645658944,1.0374799786463,0.308722899265511
"V1271",1,0.014054260544243,0.014054260544243,0.0990607503795806,0.753043545254936
"V1272",1,0.327484354750598,0.327484354750598,2.3082570454022,0.129091945757414
"V1273",1,0.0173539012008449,0.0173539012008449,0.122318102013057,0.726627840960063
"V1274",1,0.116074988116793,0.116074988116793,0.818148730554203,0.366000202298229
"V1276",1,0.550000158793466,0.550000158793466,3.87664852714624,0.0493144829648376
"V1278",1,0.422973550217439,0.422973550217439,2.98130784920008,0.0846256058474665
"V1282",1,0.0521840146522412,0.0521840146522412,0.367816409336994,0.544372715314773
"V1287",1,0.52371521721665,0.52371521721665,3.69138043509075,0.0550570815106085
"V1290",1,0.365443638919419,0.365443638919419,2.57581115554536,0.108911691960407
"V1292",1,0.00154741582561209,0.00154741582561209,0.0109068828169094,0.916850081994259
"V1295",1,0.629979013235482,0.629979013235482,4.44037547034503,0.0354159680520732
"V1296",1,0.097621633519972,0.097621633519972,0.688081186436388,0.407070619325499
"V1306",1,0.0280902382180772,0.0280902382180772,0.19799263486429,0.656469011827842
"V1307",1,0.119339324915683,0.119339324915683,0.841157244717699,0.359348406501214
"V1312",1,0.0346882386069264,0.0346882386069264,0.244498309600191,0.621114608794526
"V1313",1,0.0561309461509641,0.0561309461509641,0.395636157998225,0.529535031086163
"V1317",1,0.0336525578870073,0.0336525578870073,0.237198366003309,0.6263732737469
"V1322",1,0.0240109642152991,0.0240109642152991,0.169240076702513,0.680900635881231
"V1326",1,0.00146529972462853,0.00146529972462853,0.0103280915986828,0.919078592082698
"V1327",1,0.116499490305995,0.116499490305995,0.821140812938594,0.365125591704684
"V1328",1,0.0367489526210911,0.0367489526210911,0.259023148948248,0.610935440070708
"V1334",1,0.0138900930130471,0.0138900930130471,0.0979036237718141,0.754443339947
"V1336",1,0.051412989763041,0.051412989763041,0.362381879085824,0.547360634567448
"V1339",1,0.0315621161338933,0.0315621161338933,0.222463992178633,0.637300258747703
"V1345",1,0.0735677153054121,0.0735677153054121,0.518538350624979,0.471680742578653
"V1346",1,1.3697549057704,1.3697549057704,9.65464873620187,0.00195694104409659
"V1349",1,0.325749253097908,0.325749253097908,2.29602726844885,0.13010893801911
"V1354",1,0.155494726381092,0.155494726381092,1.09599677812207,0.29546938200498
"V1360",1,0.0479399819716786,0.0479399819716786,0.337902557900377,0.561209704854294
"V1361",1,0.00207849876134689,0.00207849876134689,0.0146501942463557,0.903692000356512
"V1362",1,0.0038691571616383,0.0038691571616383,0.0272715601480307,0.868875603352444
"V1364",1,0.0420789427559108,0.0420789427559108,0.296591317021472,0.586182355024879
"V1366",1,0.112634336881264,0.112634336881264,0.793897472929303,0.373197913158907
"V1367",1,0.00128500331264225,0.00128500331264225,0.00905728138381005,0.924204346475848
"V1370",1,0.141039650998028,0.141039650998028,0.994110904458925,0.319047724381654
"V1374",1,0.0217588260640193,0.0217588260640193,0.153365993927262,0.695445779196229
"V1376",1,0.0785202173056767,0.0785202173056767,0.553445812519411,0.457136328930561
"V1378",1,0.380568867098807,0.380568867098807,2.68242056757354,0.101863171700393
"V1379",1,1.16559101926597,1.16559101926597,8.21560982455844,0.004264541042363
"V1380",1,0.28022014850126,0.28022014850126,1.97511765877879,0.160302336069664
"V1386",1,0.248980338804729,0.248980338804729,1.75492542735461,0.185645222296283
"V1387",1,0.498983284561335,0.498983284561335,3.51705864850793,0.0611120843107474
"V1389",1,0.0704447164509751,0.0704447164509751,0.496526049872391,0.481240066915612
"V1392",1,0.0134667075382594,0.0134667075382594,0.0949194124929453,0.758095833414475
"V1394",1,0.0161010987743862,0.0161010987743862,0.113487786960075,0.736298024618251
"V1402",1,0.140024668499901,0.140024668499901,0.98695685123997,0.320794189912662
"V1403",1,0.0400879911174824,0.0400879911174824,0.282558194278991,0.595180133242969
"V1404",1,0.772442452112307,0.772442452112307,5.44452187223984,0.0198820806420458
"V1412",1,0.00392269239715482,0.00392269239715482,0.0276489005698423,0.867979857448196
"V1413",1,0.00501337513132364,0.00501337513132364,0.0353365231048517,0.850940944630455
"V1414",1,0.14164029354018,0.14164029354018,0.998344503284573,0.318020097193096
"V1415",1,4.46191634712795e-05,4.46191634712795e-05,0.000314495935297334,0.985855548080903
"V1416",1,1.09869940887052,1.09869940887052,7.74412766446817,0.005518513247544
"V1417",1,0.0816709784226008,0.0816709784226008,0.575653794186376,0.448249276389814
"V1418",1,0.112210403799456,0.112210403799456,0.790909401869819,0.374098423341672
"V1420",1,0.00113114138509558,0.00113114138509558,0.00797279330635902,0.928873877624568
"V1421",1,0.537870896321528,0.537870896321528,3.79115602910705,0.051881243445991
"V1422",1,0.00570935142705365,0.00570935142705365,0.0402420771099435,0.841060104669339
"V1423",1,0.189300590201225,0.189300590201225,1.33427571330406,0.24839836532209
"V1424",1,0.00231525561868623,0.00231525561868623,0.0163189630778224,0.89838302594667
"V1427",1,0.0183027538613045,0.0183027538613045,0.129006042388781,0.719561676561359
"V1431",1,0.610102872454739,0.610102872454739,4.30027948918741,0.0384325017500902
"V1432",1,0.309523980240398,0.309523980240398,2.18166424669337,0.140065440361765
"V1433",1,0.0209621844692825,0.0209621844692825,0.147750905612243,0.700798374234308
"V1434",1,0.100893450914843,0.100893450914843,0.711142427205374,0.399322350663582
"V1435",1,0.223652066565487,0.223652066565487,1.57640037113133,0.209654500235868
"V1437",1,0.0417339424211912,0.0417339424211912,0.29415959946999,0.587721532447588
"V1442",1,0.183938660515102,0.183938660515102,1.29648242090579,0.255204999283395
"V1443",1,0.069659781332608,0.069659781332608,0.49099347406878,0.483692638340369
"V1444",1,0.0337983808488112,0.0337983808488112,0.238226191834016,0.625626844280597
"V1445",1,0.0556681488568546,0.0556681488568546,0.392374154488057,0.531236645838852
"V1446",1,0.0204602388190664,0.0204602388190664,0.144212966878031,0.70423113750581
"V1447",1,0.334167357049309,0.334167357049309,2.35536185183543,0.125256860479638
"V1448",1,0.155024566359709,0.155024566359709,1.09268287879809,0.296200124945188
"V1450",1,0.00444913126750479,0.00444913126750479,0.0313594785374045,0.859486574806381
"V1451",1,0.137458544717212,0.137458544717212,0.96886965649359,0.325266293993258
"V1452",1,0.083299639010562,0.083299639010562,0.58713332663486,0.443760726064644
"V1454",1,0.199578208082898,0.199578208082898,1.40671698734106,0.235961933921966
"V1455",1,0.0323220963122997,0.0323220963122997,0.227820674339857,0.633277692282132
"V1456",1,0.0305966711917472,0.0305966711917472,0.215659101937833,0.642496651558283
"V1457",1,0.296906003069684,0.296906003069684,2.09272706761743,0.148401858750144
"V1458",1,0.372554297272459,0.372554297272459,2.62593027422312,0.1055334988064
"V1459",1,0.00084777154389586,0.00084777154389586,0.00597547519660722,0.938403686044214
"V1460",1,0.447724356506862,0.447724356506862,3.15576266564606,0.0760475582602459
"V1461",1,0.403886945646889,0.403886945646889,2.84677687441099,0.0919556080165881
"V1462",1,0.0282777999863684,0.0282777999863684,0.199314654578594,0.655398047392656
"V1463",1,0.0596910544424002,0.0596910544424002,0.420729402688831,0.516763493551161
"V1464",1,0.00038866151478942,0.00038866151478942,0.00273946118883326,0.9582712410757
"V1465",1,0.0784749482185242,0.0784749482185242,0.553126735629652,0.457266027822034
"V1466",1,0.0603510502992305,0.0603510502992305,0.425381350375386,0.514455407346891
"V1467",1,0.00362358900871753,0.00362358900871753,0.0255406853416985,0.873068391065158
"V1468",1,0.0474783910965646,0.0474783910965646,0.334649057773976,0.563100642007199
"V1469",1,0.445785762296435,0.445785762296435,3.14209858160821,0.0766843393587109
"V1470",1,0.18411097053852,0.18411097053852,1.2976969394615,0.254982717049024
"V1471",1,1.0043930467573,1.0043930467573,7.07941400222352,0.00795709156789364
"V1473",1,0.00888733690512452,0.00888733690512452,0.0626419483206752,0.802433587591697
"V1474",1,0.844351543884141,0.844351543884141,5.95136949809731,0.0149268293301201
"V1475",1,0.857211382146952,0.857211382146952,6.04201142294735,0.0141849445024982
"V1476",1,0.0193596418826244,0.0193596418826244,0.13645546458567,0.711930376458406
"V1477",1,0.0760714398409403,0.0760714398409403,0.536185727408155,0.464236916451014
"V1478",1,0.00538901848635469,0.00538901848635469,0.0379842264477161,0.84552537446832
"V1479",1,0.0538542423176861,0.0538542423176861,0.379588925245807,0.538002380048531
"V1480",1,0.624310635266781,0.624310635266781,4.40042219260075,0.0362500411050296
"V1481",1,2.88284554897066,2.88284554897066,20.3195922268886,7.55370164805632e-06
"V1482",1,0.13735333512633,0.13735333512633,0.96812809197036,0.325451402116174
"V1483",1,0.282578225416877,0.282578225416877,1.99173844561979,0.158556443539358
"V1484",1,0.0212007416486127,0.0212007416486127,0.149432363922945,0.699183428840302
"V1485",1,0.0158746749630582,0.0158746749630582,0.111891850085037,0.738090065604065
"V1486",1,0.0504543724153148,0.0504543724153148,0.355625112801771,0.551118392806121
"V1487",1,0.45874901456055,0.45874901456055,3.23346941485842,0.072532777656819
"V1488",1,0.1290428013048,0.1290428013048,0.909551711247655,0.340527712815828
"V1490",1,0.00521782628014884,0.00521782628014884,0.0367775867705518,0.847968305789306
"V1492",1,0.272170278907308,0.272170278907308,1.91837855678731,0.166429993318906
"V1493",1,0.00736262883302094,0.00736262883302094,0.0518951199651803,0.819857308205522
"V1494",1,0.0165587024550179,0.0165587024550179,0.116713183546195,0.732718678988635
"V1495",1,0.127145918956917,0.127145918956917,0.896181631180364,0.344099675175446
"V1496",1,4.05227598935385e-05,4.05227598935385e-05,0.000285622640185778,0.986520399765833
"V1497",1,0.0228397975718623,0.0228397975718623,0.160985167370701,0.688360583815211
"V1498",1,1.07381681461762,1.07381681461762,7.56874394717309,0.00607610550558083
"V1499",1,0.0507116125842363,0.0507116125842363,0.357438257227329,0.550105288688262
"V1500",1,0.864995977006466,0.864995977006466,6.09688074928131,0.0137544305654121
"V1501",1,0.00358470470389635,0.00358470470389635,0.0252666112698931,0.873745517279712
"V1502",1,0.00820174276957253,0.00820174276957253,0.0578095724507515,0.810055043745773
"V1505",1,0.0271537550407333,0.0271537550407333,0.191391880169761,0.66188132431971
"V1506",1,0.00217168713929573,0.00217168713929573,0.0153070278533041,0.901567481088259
"V1507",1,0.022362114423342,0.022362114423342,0.157618241662505,0.69146706624866
"V1511",1,0.0453004440935971,0.0453004440935971,0.319297907585623,0.572191740167575
"V1512",1,0.000162440308644382,0.000162440308644382,0.00114495236626267,0.973015639295317
"V1514",1,0.173420574313318,0.173420574313318,1.22234621797816,0.269240284102598
"V1517",1,0.0405105616481937,0.0405105616481937,0.285536661465421,0.593246727888451
"V1519",1,6.67196193065978e-05,6.67196193065978e-05,0.0004702698895289,0.982704190129149
"V1524",1,0.562406701845217,0.562406701845217,3.96409542344179,0.0468276161230994
"V1525",1,0.846138154688914,0.846138154688914,5.96396233472503,0.0148214105233632
"V1526",1,0.265263495961899,0.265263495961899,1.86969644369233,0.171902225587002
"V1527",1,0.0404655151005673,0.0404655151005673,0.285219153134347,0.593452212597439
"V1528",1,0.584934559448117,0.584934559448117,4.1228818975905,0.0426444429294589
"V1530",1,0.269481645152055,0.269481645152055,1.89942785664532,0.168536059518585
"V1532",1,0.420150648495738,0.420150648495738,2.96141076803248,0.0856685546744108
"V1534",1,0.0742718446650509,0.0742718446650509,0.523501371092013,0.469567996737893
"V1535",1,0.299572627778503,0.299572627778503,2.11152263809975,0.146594432003062
"V1536",1,0.42072928029319,0.42072928029319,2.96548922522834,0.0854536439633976
"V1537",1,0.00252526628814985,0.00252526628814985,0.0177992127458355,0.893900499308286
"V1539",1,0.438050189916097,0.438050189916097,3.08757478775939,0.079283107228867
"V1540",1,0.124320876931678,0.124320876931678,0.876269464190646,0.349514099026393
"V1541",1,0.412393502634719,0.412393502634719,2.90673491458737,0.0886069598448505
"V1542",1,0.0335199105981914,0.0335199105981914,0.236263408242667,0.627054000544974
"V1543",1,0.106754493587868,0.106754493587868,0.752453692452582,0.385966245748483
"V1544",1,0.0199386529790927,0.0199386529790927,0.140536595251612,0.707849660052381
"V1545",1,0.0449002013724933,0.0449002013724933,0.316476816845082,0.573893705313572
"V1546",1,0.992156497896909,0.992156497896909,6.99316530145759,0.00834601815923048
"V1547",1,0.0156510201866274,0.0156510201866274,0.110315430613556,0.739874197868512
"V1549",1,3.01629560030079e-07,3.01629560030079e-07,2.12602082188393e-06,0.998836985844794
"V1550",1,1.22922471979419,1.22922471979419,8.66412877039067,0.00334129911935255
"V1551",1,0.0141896393814754,0.0141896393814754,0.100014961322201,0.751895966793325
"V1552",1,0.0676093537316238,0.0676093537316238,0.476541137987982,0.49019779486244
"V1553",1,0.00493100692509742,0.00493100692509742,0.0347559549354696,0.85215625718544
"V1554",1,0.177353740850453,0.177353740850453,1.25006894499819,0.263882223305588
"V1555",1,2.57570913351924e-06,2.57570913351924e-06,1.81547566108323e-05,0.996601437213896
"V1566",1,0.651163596354102,0.651163596354102,4.58969394167995,0.0324725363006984
"V1567",1,0.294919550402756,0.294919550402756,2.07872565564986,0.149764657376676
"V1569",1,0.0116063880903206,0.0116063880903206,0.0818070441916456,0.774938986730718
"V1571",1,0.22832742662045,0.22832742662045,1.60935441192781,0.204959594112847
"V1576",1,0.0288357144841412,0.0288357144841412,0.203247086926993,0.652237374329895
"V1577",1,0.062217865376533,0.062217865376533,0.438539502794386,0.508023075646484
"V1587",1,0.0745923805768781,0.0745923805768781,0.525760652386056,0.468611275051798
"V1589",1,0.0469750302008161,0.0469750302008161,0.331101143752629,0.565176730828109
"V1590",1,0.593820293373898,0.593820293373898,4.18551254739169,0.041104491399175
"V1591",1,0.426327281671844,0.426327281671844,3.00494645710828,0.0834043769374027
"V1599",1,0.114447715844108,0.114447715844108,0.806678983576292,0.369380027094442
"V1602",1,0.186728537456143,0.186728537456143,1.31614672856369,0.251635186324346
"V1607",1,0.529093002602696,0.529093002602696,3.72928548559447,0.0538269225867817
"V1608",1,0.000213618520278512,0.000213618520278512,0.00150567942348509,0.969057276059471
"V1616",1,0.00596832250939904,0.00596832250939904,0.0420674217919343,0.837544614081643
"V1628",1,0.00450746880457909,0.00450746880457909,0.0317706677408268,0.858578024093565
"V1650",1,0.0349420331085931,0.0349420331085931,0.246287167412963,0.619840896991607
"V1651",1,2.74052564087172e-05,2.74052564087172e-05,0.000193164574944811,0.988914605837981
"V1652",1,0.121586347149657,0.121586347149657,0.856995268206475,0.354866141240657
"V1654",1,0.248887095848352,0.248887095848352,1.75426820905435,0.185727508443967
"V1656",1,0.159896093221928,0.159896093221928,1.12701959149433,0.288739286895387
"V1659",1,0.108179792120446,0.108179792120446,0.762499837655861,0.382815046970245
"V1661",1,0.921778114674084,0.921778114674084,6.49710679801604,0.0109947114822063
"V1664",1,0.40848002123444,0.40848002123444,2.87915093726691,0.0901307587330752
"V1665",1,0.434328781703305,0.434328781703305,3.06134462866512,0.0805670329524385
"V1666",1,0.0176773988608125,0.0176773988608125,0.124598259040284,0.724194849796248
"V1668",1,0.195301122505269,0.195301122505269,1.37657016421766,0.241043018284545
"V1669",1,0.439118727376232,0.439118727376232,3.09510632044135,0.078918544898151
"V1670",1,0.245566926710455,0.245566926710455,1.73086616345032,0.188685400210309
"V1673",1,0.0508230747454537,0.0508230747454537,0.358223892678897,0.549667393636797
"V1674",1,0.0368170349495201,0.0368170349495201,0.259503023824663,0.610605322763751
"V1676",1,0.0142711784034522,0.0142711784034522,0.100589685027999,0.751207681164952
"V1677",1,0.0108424613039159,0.0108424613039159,0.0764225445619365,0.782278269415169
"V1678",1,1.54061790613498,1.54061790613498,10.8589680225094,0.00102742339254849
"V1679",1,0.0604782077415095,0.0604782077415095,0.426277613228123,0.514012790038863
"V1682",1,0.170714136835261,0.170714136835261,1.20327002918916,0.27300631964874
"V1683",1,0.0676505850214661,0.0676505850214661,0.476831754665966,0.490065554590797
"V1685",1,0.000441148855364836,0.000441148855364836,0.00310941557572267,0.955545526057016
"V1687",1,0.00386103033058214,0.00386103033058214,0.0272142785870339,0.869012135936049
"V1688",1,0.022766694510172,0.022766694510172,0.160469904107772,0.688833531458094
"V1691",1,0.0236074164030065,0.0236074164030065,0.166395690192536,0.683446653729908
"V1692",1,0.0809134430404346,0.0809134430404346,0.570314344048802,0.450361126881386
"V1696",1,0.00607985062190059,0.00607985062190059,0.0428535220978197,0.836055149960789
"V1701",1,0.0312144870899307,0.0312144870899307,0.220013746301927,0.639160016256519
"V1703",1,0.187608060518192,0.187608060518192,1.3223460027431,0.250522545916085
"V1704",1,0.00106439436533886,0.00106439436533886,0.00750233028613207,0.930998897287404
"V1705",1,0.00169656549062797,0.00169656549062797,0.0119581567483144,0.912950245901583
"V1706",1,0.00239089082643415,0.00239089082643415,0.0168520740452076,0.89674570955039
"V1707",1,0.365693161155845,0.365693161155845,2.57756990051092,0.108791153084458
"V1708",1,0.206426042235473,0.206426042235473,1.45498360282706,0.228094306715899
"V1709",1,0.0266276492498035,0.0266276492498035,0.187683649895783,0.664970843919556
"V1712",1,0.0206762517927949,0.0206762517927949,0.145735523486536,0.702747994492967
"V1714",1,0.00639911741456755,0.00639911741456755,0.0451038580691295,0.831868444106942
"V1715",1,0.437162617942217,0.437162617942217,3.08131878122873,0.0795873100498779
"V1716",1,0.206559562034469,0.206559562034469,1.45592471043194,0.227944077745015
"V1717",1,0.122698369066527,0.122698369066527,0.864833298900222,0.35267626602614
"V1718",1,0.0115805000064009,0.0115805000064009,0.0816245733308765,0.775183355586551
"V1719",1,0.00335318028305634,0.00335318028305634,0.0236347230045938,0.877857600088063
"V1720",1,0.931020918012941,0.931020918012941,6.56225423366204,0.0106025878891827
"V1721",1,0.164540360171942,0.164540360171942,1.15975447410043,0.281848149273343
"V1722",1,0.00769159720162875,0.00769159720162875,0.0542138370078058,0.815947548689715
"V1723",1,0.277089269054017,0.277089269054017,1.95304981206316,0.162654416463886
"V1724",1,0.2120871129965,0.2120871129965,1.49488537608464,0.221827896731391
"V1725",1,1.22666067793899,1.22666067793899,8.64605625000574,0.00337423361353126
"V1726",1,0.226902618041381,0.226902618041381,1.59931172013726,0.206377055622419
"V1727",1,0.0224119495731074,0.0224119495731074,0.157969502215523,0.691141191294255
"V1728",1,0.0175513916987985,0.0175513916987985,0.123710103880287,0.725139537573492
"V1729",1,0.0672131321876768,0.0672131321876768,0.473748390312898,0.491471632179207
"V1730",1,0.15685213699976,0.15685213699976,1.10556441876992,0.29337257046124
"V1738",1,0.577899711487146,0.577899711487146,4.07329712465803,0.0439066940342116
"V1740",1,0.10262033935696,0.10262033935696,0.723314313756034,0.395318892185495
"V1742",1,0.239462658509105,0.239462658509105,1.68784053526872,0.194268291125701
"V1744",1,0.559180248104328,0.559180248104328,3.94135392611212,0.047461323343645
"V1750",1,0.355428103171425,0.355428103171425,2.50521715427959,0.113873649909295
"V1752",1,0.202454947994955,0.202454947994955,1.42699354429247,0.232617447972386
"V1753",1,0.0324083438716825,0.0324083438716825,0.228428585935345,0.632824864380962
"V1754",1,0.0240465833215873,0.0240465833215873,0.169491136186265,0.680677116495845
"V1759",1,0.29245982351744,0.29245982351744,2.06138839409696,0.151471828366918
"V1760",1,4.57773825719315,4.57773825719315,32.2659584523372,1.89551610757843e-08
"V1762",1,0.0299115186733453,0.0299115186733453,0.210829838784238,0.646245200343692
"V1763",1,0.323318335473986,0.323318335473986,2.27889306752959,0.131548852716352
"V1764",1,2.38375520501994,2.38375520501994,16.8017789756455,4.58247615759995e-05
"V1765",1,0.215478793666868,0.215478793666868,1.51879146713773,0.218172393161052
"V1768",1,0.794893143200509,0.794893143200509,5.60276444208094,0.0181744785434499
"V1769",1,0.0101003712747261,0.0101003712747261,0.0711919602199618,0.789679382078468
"V1770",1,0.291234654664597,0.291234654664597,2.0527528529013,0.152330379283957
"V1771",1,2.99094206058892,2.99094206058892,21.0815050661028,5.12646231497813e-06
"V1772",1,0.0669830265944166,0.0669830265944166,0.472126502582617,0.49221395597651
"V1773",1,0.182400587201715,0.182400587201715,1.28564138831761,0.257199772029377
"V1774",1,0.181864070069667,0.181864070069667,1.28185977422807,0.257900126995292
"V1775",1,0.00203924576254661,0.00203924576254661,0.014373521453535,0.904601339999363
"V1776",1,0.00250654494274091,0.00250654494274091,0.0176672562819228,0.894292199023548
"V1777",1,0.0125406129009409,0.0125406129009409,0.0883918809016193,0.766310444803336
"V1778",1,0.476492933000717,0.476492933000717,3.35853653381667,0.0672370492202647
"V1779",1,0.0818066940332967,0.0818066940332967,0.576610378859859,0.447872559894305
"V1781",1,0.0130769404188876,0.0130769404188876,0.0921721585056789,0.761514310206835
"V1783",1,0.037388378684649,0.037388378684649,0.263530111478856,0.607850040470628
"V1786",1,0.0325593503185657,0.0325593503185657,0.229492947300592,0.632033810813698
"V1787",1,1.19153296237145,1.19153296237145,8.39846030909614,0.00386024805783577
"V1789",1,0.0395306580024869,0.0395306580024869,0.27862985977793,0.597750214026044
"V1793",1,0.0147082458829942,0.0147082458829942,0.103670333230987,0.747554712618769
"V1794",1,0.156023146600051,0.156023146600051,1.09972132152591,0.294650847220252
"V1797",1,0.00707208741798821,0.00707208741798821,0.0498472533770461,0.823387510594942
"V1801",1,0.0277811725313002,0.0277811725313002,0.195814200876082,0.658243139303074
"V1803",1,0.0896850127925164,0.0896850127925164,0.632140313398999,0.426812252550999
"V1804",1,0.319475953155808,0.319475953155808,2.25181022852246,0.133861311430249
"V1809",1,0.0190054923066168,0.0190054923066168,0.133959259065964,0.714460616820991
"V1810",1,1.17295191342154,1.17295191342154,8.26749271773662,0.00414562082990831
"V1811",1,0.39699312955896,0.39699312955896,2.79818615756044,0.094770475620595
"V1812",1,0.470322495341565,0.470322495341565,3.3150445135313,0.0690300220962421
"V1813",1,0.111657935887843,0.111657935887843,0.787015359510729,0.375276547493588
"V1814",1,0.247767993314016,0.247767993314016,1.74638027098361,0.186718426522279
"V1816",1,0.0723040291195217,0.0723040291195217,0.509631321939653,0.475511235742302
"V1818",1,0.000479537661274914,0.000479537661274914,0.00337999714831107,0.953653744062731
"V1819",1,0.00689386484248011,0.00689386484248011,0.0485910604945507,0.825590785391043
"V1820",1,0.197008266877961,0.197008266877961,1.38860288568549,0.238999170506039
"V1821",1,0.0571906287152765,0.0571906287152765,0.4031052773912,0.525675379598455
"V1823",1,0.128096119463163,0.128096119463163,0.902879071779499,0.342304089928917
"V1825",1,0.94817638523573,0.94817638523573,6.68317368373569,0.00991242110692349
"V1826",1,0.49048703343349,0.49048703343349,3.45717324866863,0.0633528024365578
"V1827",1,0.159296215847982,0.159296215847982,1.12279138591839,0.28964494301912
"V1830",1,0.023046742514285,0.023046742514285,0.162443808415466,0.687026480301277
"V1835",1,0.000370169955488227,0.000370169955488227,0.00260912436077332,0.959275128282788
"V1838",1,0.149207580397761,0.149207580397761,1.05168214506869,0.305436700173579
"V1839",1,0.00263973121307893,0.00263973121307893,0.0186060130267838,0.89153708466794
"V1840",1,0.0752270200662444,0.0752270200662444,0.530233876988604,0.466726251458384
"V1841",1,0.0548806288482204,0.0548806288482204,0.386823359215076,0.534154974279602
"V1842",1,0.000334531696710771,0.000334531696710771,0.00235792988166125,0.961283510023832
"V1843",1,0.136149665404801,0.136149665404801,0.959644086323211,0.32757913898816
"V1845",1,0.416939288665804,0.416939288665804,2.93877565937695,0.0868719916836705
"V1847",1,0.00403318142330315,0.00403318142330315,0.0284276769276953,0.86615081840983
"V1848",1,0.100081072464091,0.100081072464091,0.705416418450213,0.401226034461047
"V1849",1,0.0980616236611369,0.0980616236611369,0.691182434873203,0.406015934114971
"V1850",1,0.92564317125246,0.92564317125246,6.52434945540866,0.0108289546658231
"V1851",1,0.213028604126935,0.213028604126935,1.50152142908529,0.220805871520141
"V1852",1,0.135437190016738,0.135437190016738,0.954622239293527,0.328847293731753
"V1853",1,0.0928721524473868,0.0928721524473868,0.654604707365661,0.418716946975282
"V1854",1,0.00114888558191044,0.00114888558191044,0.0080978623874273,0.928319665787093
"V1856",1,0.0375262366297464,0.0375262366297464,0.264501796288893,0.607189213025317
"V1857",1,0.194098985652112,0.194098985652112,1.36809696291633,0.242495038092006
"V1859",1,0.0891319588162321,0.0891319588162321,0.628242140192471,0.42824092680644
"V1861",1,0.158594012438196,0.158594012438196,1.11784194041228,0.290709693519214
"V1862",1,0.0807019120359551,0.0807019120359551,0.568823378375701,0.450953605690694
"V1864",1,0.491487805493521,0.491487805493521,3.46422714032757,0.0630843698115163
"V1865",1,0.0938129513719421,0.0938129513719421,0.661235881387899,0.41637115552956
"V1866",1,0.0247424967845166,0.0247424967845166,0.174396247317513,0.676348402685446
"V1867",1,0.0188487245869012,0.0188487245869012,0.132854289658187,0.715589191480765
"V1868",1,0.0941016271350206,0.0941016271350206,0.663270598021828,0.415655285420236
"V1869",1,0.0381373406830211,0.0381373406830211,0.268809132550863,0.604278217002221
"V1870",1,0.000315046709492967,0.000315046709492967,0.00222059092676882,0.962427095783973
"V1871",1,0.390901431000209,0.390901431000209,2.75524912587411,0.0973361199371167
"V1874",1,0.00520794934696472,0.00520794934696472,0.0367079697025042,0.848110510043822
"V1875",1,0.0464796326420327,0.0464796326420327,0.32760935891238,0.567234485661651
"V1877",1,0.858159128206213,0.858159128206213,6.04869156350004,0.0141317965286309
"V1878",1,0.00393301081447848,0.00393301081447848,0.0277216294166993,0.867807934240063
"V1879",1,0.0218778963464582,0.0218778963464582,0.154205254839579,0.694655505570982
"V1881",1,0.427842502183676,0.427842502183676,3.01562641287117,0.0828588921050009
"V1883",1,0.000110211988678909,0.000110211988678909,0.000776823673148049,0.977771696054844
"V1884",1,0.0473220158589152,0.0473220158589152,0.333546854756352,0.563744026610844
"V1885",1,0.0176994223192429,0.0176994223192429,0.124753490282169,0.724030126924552
"V1886",1,0.0856618560132043,0.0856618560132043,0.603783294671564,0.437372840185182
"V1887",1,0.392892960564712,0.392892960564712,2.76928632209954,0.0964891016389147
"V1890",1,0.260181334978055,0.260181334978055,1.8338750869568,0.1760612056778
"V1891",1,0.290610435997584,0.290610435997584,2.04835307894232,0.152769929693649
"V1892",1,0.197465641899408,0.197465641899408,1.39182667057881,0.238455171799138
"V1893",1,0.210686381009768,0.210686381009768,1.48501238694732,0.223358957197691
"V1894",1,0.18660995824964,0.18660995824964,1.31531092897547,0.251785659360812
"V1895",1,0.00583022939513354,0.00583022939513354,0.0410940794038144,0.839409095621751
"V1896",1,0.00978370785053991,0.00978370785053991,0.0689599739607844,0.792926194882448
"V1897",1,0.183431522783452,0.183431522783452,1.29290788604607,0.255860602940192
"V1899",1,0.000248657886994043,0.000248657886994043,0.00175265264194357,0.966617234208568
"V1902",1,0.00436613578793136,0.00436613578793136,0.0307744890633033,0.860789802291086
"V1903",1,0.332794765858231,0.332794765858231,2.34568721168452,0.126034053010599
"V1904",1,0.335220100026103,0.335220100026103,2.36278205789392,0.1246643878424
"V1906",1,0.567677472533526,0.567677472533526,4.00124618621717,0.0458115387626735
"V1907",1,0.051416578435472,0.051416578435472,0.362407173663419,0.547346656962112
"V1908",1,0.114683665437405,0.114683665437405,0.808342062447658,0.36888727543049
"V1909",1,0.0784748646250812,0.0784748646250812,0.553126146425462,0.457266267376459
"V1910",1,0.658542416838792,0.658542416838792,4.64170318768963,0.0315084131466533
"V1911",1,0.116894829824917,0.116894829824917,0.823927343704538,0.364313671548868
"V1913",1,0.631083163125728,0.631083163125728,4.44815801545404,0.0352558528270818
"V1915",1,0.236709235273926,0.236709235273926,1.6684331697278,0.196849672114709
"V1916",1,0.24180184835475,0.24180184835475,1.70432819754455,0.192106373519278
"V1917",1,0.124741585390278,0.124741585390278,0.87923480665521,0.348700477167436
"V1919",1,0.044803044803614,0.044803044803614,0.315792013643434,0.574308353584353
"V1921",1,0.302344728147038,0.302344728147038,2.13106164847814,0.14474183549835
"V1924",1,0.609523990642364,0.609523990642364,4.29619926977391,0.0385242975088601
"V1934",1,0.00406351797844312,0.00406351797844312,0.0286415026146915,0.865653147528868
"V1940",1,0.0610433177808039,0.0610433177808039,0.430260762989956,0.512053717950413
"V1949",1,0.0403999584005659,0.0403999584005659,0.284757080023199,0.593751519424087
"V1952",1,0.248895790597717,0.248895790597717,1.75432949355906,0.185719833604907
"V1959",1,0.0308872824336663,0.0308872824336663,0.217707460697273,0.640922087333308
"V1961",1,0.0795248372402123,0.0795248372402123,0.560526825728757,0.454272887386167
"V1962",1,0.113398780482756,0.113398780482756,0.799285615304225,0.371581757557048
"V1963",1,0.126354712105928,0.126354712105928,0.890604849384008,0.345604548002672
"V1964",1,0.13694137328034,0.13694137328034,0.965224399565973,0.326177561905588
"V1966",1,0.0428716714058468,0.0428716714058468,0.302178825141366,0.582676458576055
"V1967",1,0.0752005290438438,0.0752005290438438,0.530047156346201,0.466804692196118
"V1977",1,0.16550899318719,0.16550899318719,1.16658183531455,0.280437268228301
"V1978",1,0.202735732415418,0.202735732415418,1.42897263919387,0.232294092122364
"V1979",1,0.0470786645111459,0.0470786645111459,0.331831604989919,0.564748088319906
"V1980",1,0.0982153204501287,0.0982153204501287,0.692265758979834,0.405648455566985
"V1981",1,0.313231207859257,0.313231207859257,2.20779445458272,0.137717370319317
"V1988",1,0.048053623150976,0.048053623150976,0.338703552051566,0.560746035520488
"V1989",1,0.0131635897116199,0.0131635897116199,0.0927829016985275,0.760749582444732
"V1990",1,0.146737334719396,0.146737334719396,1.03427074233069,0.309471833551269
"V1993",1,0.161151539692589,0.161151539692589,1.13586854296022,0.286855541029799
"V1998",1,0.101411198985935,0.101411198985935,0.714791748510363,0.398115917351407
"V1999",1,0.587260872792372,0.587260872792372,4.13927880049225,0.0422354967216978
"V2000",1,0.0428877988799882,0.0428877988799882,0.302292498833776,0.582605573021833
"V2001",1,0.000576893007912906,0.000576893007912906,0.00406620142501876,0.949172210215625
"V2007",1,1.55485273325915e-05,1.55485273325915e-05,0.00010959301487369,0.991650030436771
"V2011",1,0.000334451828860056,0.000334451828860056,0.00235736693712225,0.961288128352998
"V2021",1,0.173388925310422,0.173388925310422,1.222123141569,0.269283946853314
"V2024",1,0.00578761714229855,0.00578761714229855,0.0407937290774553,0.839989063120854
"V2026",1,0.002045613856996,0.002045613856996,0.0144184066477904,0.90445321639879
"V2039",1,0.0813923535153847,0.0813923535153847,0.573689920505767,0.449024225659031
"V2046",1,0.0642535629797805,0.0642535629797805,0.452888015225103,0.501165227029123
"V2047",1,0.041951518876849,0.041951518876849,0.295693176202437,0.586749885752081
"V2049",1,0.498679676888169,0.498679676888169,3.51491868505484,0.0611906807728978
"V2053",1,0.00678334729610694,0.00678334729610694,0.0478120831133237,0.826972089894008
"V2076",1,0.00861994725331104,0.00861994725331104,0.0607572657741268,0.805367635034846
"V2080",1,0.0689734765157401,0.0689734765157401,0.486156088997254,0.485853979761816
"V2081",1,0.107689179936486,0.107689179936486,0.75904178228998,0.383895602129801
"V2082",1,0.0499824617192615,0.0499824617192615,0.352298873935199,0.552986085449898
"Residuals",783,111.088256085032,0.141875167413834,NA,NA
