"","Df","Deviance","Resid. Df","Resid. Dev"
"NULL",NA,NA,1831,339.465065502183
"V1",0,0,1831,339.465065502183
"V2",1,0.108711005407145,1830,339.356354496776
"V3",1,0.108925050265611,1829,339.247429446511
"V4",1,0.0121160234715489,1828,339.235313423039
"V5",1,0.0606199028989636,1827,339.17469352014
"V6",1,0.205387338609,1826,338.969306181531
"V7",0,0,1826,338.969306181531
"V8",1,0.294138402907777,1825,338.675167778623
"V9",0,0,1825,338.675167778623
"V10",0,0,1825,338.675167778623
"V11",1,0.154611821179344,1824,338.520555957444
"V12",1,0.518147469691598,1823,338.002408487752
"V13",1,0.20567291019637,1822,337.796735577556
"V14",0,0,1822,337.796735577556
"V15",1,0.0573988365661648,1821,337.73933674099
"V16",1,0.0262329895670632,1820,337.713103751423
"V17",0,0,1820,337.713103751423
"V18",1,0.173312456572091,1819,337.539791294851
"V19",1,0.254192066626786,1818,337.285599228224
"V20",0,0,1818,337.285599228224
"V21",1,0.000800692623556643,1817,337.2847985356
"V22",1,0.0722878932639901,1816,337.212510642336
"V23",1,0.0628886268088991,1815,337.149622015527
"V24",0,0,1815,337.149622015527
"V25",0,0,1815,337.149622015527
"V26",1,0.0469806781255784,1814,337.102641337402
"V27",1,0.118583350206166,1813,336.984057987196
"V28",0,0,1813,336.984057987196
"V29",0,0,1813,336.984057987196
"V30",1,0.000934591191935397,1812,336.983123396004
"V31",0,0,1812,336.983123396004
"V32",1,0.0513003504121912,1811,336.931823045592
"V33",0,0,1811,336.931823045592
"V34",0,0,1811,336.931823045592
"V35",1,0.0468456538484929,1810,336.884977391743
"V36",1,0.0167437640730554,1809,336.86823362767
"V37",1,0.00810967569663035,1808,336.860123951973
"V38",1,0.535196111929338,1807,336.324927840044
"V39",0,0,1807,336.324927840044
"V40",0,0,1807,336.324927840044
"V41",1,0.0475641382815866,1806,336.277363701763
"V42",0,0,1806,336.277363701763
"V43",0,0,1806,336.277363701763
"V44",0,0,1806,336.277363701763
"V45",0,0,1806,336.277363701763
"V46",0,0,1806,336.277363701763
"V47",0,0,1806,336.277363701763
"V48",0,0,1806,336.277363701763
"V49",1,0.0173445147373741,1805,336.260019187025
"V50",0,0,1805,336.260019187025
"V51",1,0.591825196114883,1804,335.66819399091
"V52",0,0,1804,335.66819399091
"V53",0,0,1804,335.66819399091
"V54",0,0,1804,335.66819399091
"V55",0,0,1804,335.66819399091
"V56",1,0.430561806387516,1803,335.237632184523
"V57",1,0.0413735288603334,1802,335.196258655662
"V58",0,0,1802,335.196258655662
"V59",0,0,1802,335.196258655662
"V60",1,0.0753989321423774,1801,335.12085972352
"V61",1,0.108536296647856,1800,335.012323426872
"V62",0,0,1800,335.012323426872
"V63",1,0.0249251419592156,1799,334.987398284913
"V64",1,0.558544711690388,1798,334.428853573223
"V65",0,0,1798,334.428853573223
"V66",1,0.00599019083250596,1797,334.42286338239
"V67",0,0,1797,334.42286338239
"V68",0,0,1797,334.42286338239
"V69",1,0.0202931552159384,1796,334.402570227174
"V70",1,0.071949678240685,1795,334.330620548933
"V71",1,0.00259042225513895,1794,334.328030126678
"V72",1,0.0015262213483993,1793,334.32650390533
"V73",1,0.127119004104827,1792,334.199384901225
"V74",1,0.000207837151208423,1791,334.199177064074
"V75",1,0.157815764085569,1790,334.041361299988
"V76",1,0.163824913667099,1789,333.877536386321
"V77",0,0,1789,333.877536386321
"V78",0,0,1789,333.877536386321
"V79",1,0.046812139989072,1788,333.830724246332
"V80",1,0.0126926464394614,1787,333.818031599893
"V81",1,0.00220635079580234,1786,333.815825249097
"V82",0,0,1786,333.815825249097
"V83",1,0.0635685888220223,1785,333.752256660275
"V84",1,0.135370898365807,1784,333.616885761909
"V85",1,7.69040742625293e-05,1783,333.616808857835
"V86",1,0.0687458428484433,1782,333.548063014986
"V87",0,0,1782,333.548063014986
"V88",1,0.0874225009979455,1781,333.460640513988
"V89",0,0,1781,333.460640513988
"V90",0,0,1781,333.460640513988
"V91",1,0.0722364047614974,1780,333.388404109227
"V92",1,0.0260084800351592,1779,333.362395629192
"V93",1,0.00186441884738997,1778,333.360531210344
"V94",0,0,1778,333.360531210344
"V95",1,0.0208343691612072,1777,333.339696841183
"V96",1,0.0503341332761238,1776,333.289362707907
"V97",0,0,1776,333.289362707907
"V98",1,0.0984220578985742,1775,333.190940650008
"V99",0,0,1775,333.190940650008
"V100",0,0,1775,333.190940650008
"V101",1,0.0453307906408895,1774,333.145609859368
"V102",1,0.00352632027272648,1773,333.142083539095
"V103",1,0.115751979205243,1772,333.02633155989
"V104",1,0.131152563931266,1771,332.895178995958
"V105",0,0,1771,332.895178995958
"V106",1,0.0314676002910232,1770,332.863711395667
"V107",1,0.0244919772499657,1769,332.839219418417
"V108",1,0.0156106461186027,1768,332.823608772299
"V109",0,0,1768,332.823608772299
"V110",1,0.845272918613148,1767,331.978335853686
"V111",0,0,1767,331.978335853686
"V112",1,0.0889362934936457,1766,331.889399560192
"V113",1,0.0666166607142031,1765,331.822782899478
"V114",1,0.00850897541687345,1764,331.814273924061
"V115",1,0.0081268884335941,1763,331.806147035627
"V116",1,0.0541479160220888,1762,331.751999119605
"V117",1,0.0105089459776195,1761,331.741490173628
"V118",0,0,1761,331.741490173628
"V119",1,0.125484455303308,1760,331.616005718324
"V120",1,0.0654009443603059,1759,331.550604773964
"V121",0,0,1759,331.550604773964
"V122",1,0.374482379741607,1758,331.176122394222
"V123",1,0.0591871631025924,1757,331.11693523112
"V124",1,0.0581695188230924,1756,331.058765712297
"V125",1,0.121399796369644,1755,330.937365915927
"V126",1,0.0277675201455736,1754,330.909598395781
"V127",1,0.167679916760505,1753,330.741918479021
"V128",0,0,1753,330.741918479021
"V129",1,0.000115853442480329,1752,330.741802625578
"V130",1,0.00514210434624829,1751,330.736660521232
"V131",0,0,1751,330.736660521232
"V132",0,0,1751,330.736660521232
"V133",1,0.0278563253646666,1750,330.708804195868
"V134",1,0.00606417754136146,1749,330.702740018326
"V135",0,0,1749,330.702740018326
"V136",1,0.122893074102194,1748,330.579846944224
"V137",1,0.0063223796991565,1747,330.573524564525
"V138",1,0.0974021943615071,1746,330.476122370163
"V139",1,0.00370062131145232,1745,330.472421748852
"V140",1,0.193297535667512,1744,330.279124213184
"V141",1,0.00960800554241814,1743,330.269516207642
"V142",1,0.408127703857758,1742,329.861388503784
"V143",1,0.38469883100322,1741,329.476689672781
"V144",1,0.0760421125115727,1740,329.400647560269
"V145",1,0.10139442341125,1739,329.299253136858
"V146",1,0.260172946910643,1738,329.039080189947
"V147",1,0.651110585990239,1737,328.387969603957
"V148",1,0.322462207911542,1736,328.065507396046
"V149",0,0,1736,328.065507396046
"V150",0,0,1736,328.065507396046
"V151",1,6.6819808296259e-05,1735,328.065440576237
"V152",1,0.0749195696271272,1734,327.99052100661
"V153",1,0.00481960496063039,1733,327.98570140165
"V154",1,0.0587735390402599,1732,327.926927862609
"V155",1,0.0529384052397859,1731,327.87398945737
"V156",1,0.037236611792423,1730,327.836752845577
"V157",0,0,1730,327.836752845577
"V158",1,0.0175867287800884,1729,327.819166116797
"V159",1,0.00936419195596727,1728,327.809801924841
"V160",1,0.0235282337386025,1727,327.786273691103
"V161",1,0.00132252349277451,1726,327.78495116761
"V162",0,0,1726,327.78495116761
"V163",1,0.350565752002296,1725,327.434385415607
"V164",1,0.302386846528634,1724,327.131998569079
"V165",1,0.111930646208691,1723,327.02006792287
"V166",1,0.0067160101239665,1722,327.013351912746
"V167",1,0.141890061823688,1721,326.871461850922
"V168",1,0.671162636320162,1720,326.200299214602
"V169",0,0,1720,326.200299214602
"V170",1,0.000529420273380765,1719,326.199769794329
"V171",1,0.0292297479937247,1718,326.170540046335
"V172",1,0.0331993944058695,1717,326.137340651929
"V173",1,0.00763519688234737,1716,326.129705455047
"V174",1,0.103174409573285,1715,326.026531045474
"V175",1,0.0259414496726436,1714,326.000589595801
"V176",1,0.0605489594530013,1713,325.940040636348
"V177",1,0.00384161224121726,1712,325.936199024107
"V178",1,0.0602910560158989,1711,325.875907968091
"V179",1,0.065498233363769,1710,325.810409734727
"V180",1,0.0712671600346084,1709,325.739142574693
"V181",1,0.165847009726178,1708,325.573295564966
"V182",0,0,1708,325.573295564966
"V183",0,0,1708,325.573295564966
"V184",1,0.0151151092671853,1707,325.558180455699
"V185",1,0.0110819790119194,1706,325.547098476687
"V186",1,0.00488844527438914,1705,325.542210031413
"V187",1,0.125884299370625,1704,325.416325732042
"V188",1,0.0606570671551481,1703,325.355668664887
"V189",1,0.0436393984158485,1702,325.312029266471
"V190",1,0.0445029677218827,1701,325.267526298749
"V191",1,0.0066856568043363,1700,325.260840641945
"V192",1,0.0440042321008605,1699,325.216836409844
"V193",1,0.107631758091145,1698,325.109204651753
"V194",1,0.000761755661585539,1697,325.108442896091
"V195",1,0.0133104594999054,1696,325.095132436592
"V196",1,0.0830487746502513,1695,325.012083661941
"V197",1,0.0155210687541398,1694,324.996562593187
"V198",1,0.0296186347947582,1693,324.966943958392
"V199",1,0.00360687537755666,1692,324.963337083015
"V200",1,0.0247837233262658,1691,324.938553359689
"V201",1,0.137783127306875,1690,324.800770232382
"V202",1,0.205153790736858,1689,324.595616441645
"V203",1,0.790573411545267,1688,323.8050430301
"V204",1,0.485446040458271,1687,323.319596989641
"V205",0,0,1687,323.319596989641
"V206",1,0.056638792396086,1686,323.262958197245
"V207",1,0.0246493508531103,1685,323.238308846392
"V208",1,0.326359500804756,1684,322.911949345587
"V209",1,0.762360841810334,1683,322.149588503777
"V210",1,0.0223046130782905,1682,322.127283890699
"V211",1,0.251719188218772,1681,321.87556470248
"V212",1,0.0478075131421178,1680,321.827757189338
"V213",1,0.00949101942268271,1679,321.818266169915
"V214",0,0,1679,321.818266169915
"V215",1,0.0925412214102153,1678,321.725724948505
"V216",1,0.0246776288055912,1677,321.701047319699
"V217",1,0.0187016717237611,1676,321.682345647976
"V218",1,0.0483407992147136,1675,321.634004848761
"V219",1,0.921194232915241,1674,320.712810615846
"V220",1,0.0968995172686959,1673,320.615911098577
"V221",1,0.102813258955678,1672,320.513097839621
"V222",0,0,1672,320.513097839621
"V223",1,0.000363480588816856,1671,320.512734359032
"V224",1,0.103517284879331,1670,320.409217074153
"V225",1,0.0196153713078502,1669,320.389601702845
"V226",1,0.0849186333275611,1668,320.304683069518
"V227",1,0.00279574672805438,1667,320.30188732279
"V228",1,0.00263849782123771,1666,320.299248824968
"V229",1,0.0285062014017967,1665,320.270742623567
"V230",1,0.35199849814552,1664,319.918744125421
"V231",1,0.0516095764233455,1663,319.867134548998
"V232",1,0.0539225310558891,1662,319.813212017942
"V233",1,0.00205150672826448,1661,319.811160511214
"V234",1,0.00696701895645901,1660,319.804193492257
"V235",1,0.0070831778042475,1659,319.797110314453
"V236",1,0.0323787384008938,1658,319.764731576052
"V237",0,0,1658,319.764731576052
"V238",1,0.0867450662253759,1657,319.677986509827
"V239",0,0,1657,319.677986509827
"V240",1,0.00176977822815161,1656,319.676216731598
"V241",1,0.203637756421415,1655,319.472578975177
"V242",0,0,1655,319.472578975177
"V243",0,0,1655,319.472578975177
"V244",0,0,1655,319.472578975177
"V245",1,0.0907108125348941,1654,319.381868162642
"V246",1,0.183563419946665,1653,319.198304742695
"V247",1,0.0612249266320646,1652,319.137079816063
"V248",0,0,1652,319.137079816063
"V249",1,0.0719745702937189,1651,319.06510524577
"V250",1,0.011676505244111,1650,319.053428740526
"V251",1,5.61294201020246e-05,1649,319.053372611105
"V252",1,0.200696508550266,1648,318.852676102555
"V253",1,0.0800341682202088,1647,318.772641934335
"V254",1,0.0810215174789732,1646,318.691620416856
"V255",1,1.03564891273504,1645,317.655971504121
"V256",0,0,1645,317.655971504121
"V257",0,0,1645,317.655971504121
"V258",1,0.0472749177960736,1644,317.608696586325
"V259",1,0.00559689451370105,1643,317.603099691811
"V260",1,0.209194620902508,1642,317.393905070909
"V261",1,0.0637217030110833,1641,317.330183367898
"V262",1,0.00293339802919945,1640,317.327249969868
"V263",1,0.0124774927601266,1639,317.314772477108
"V264",1,0.0348695888999941,1638,317.279902888208
"V265",1,0.243729433572526,1637,317.036173454636
"V266",0,0,1637,317.036173454636
"V267",1,2.2494369042127,1636,314.786736550423
"V268",0,0,1636,314.786736550423
"V269",1,0.773854542282493,1635,314.012882008141
"V270",1,0.656682247417848,1634,313.356199760723
"V271",1,0.15166734523433,1633,313.204532415488
"V272",0,0,1633,313.204532415488
"V273",0,0,1633,313.204532415488
"V274",1,0.109772620729075,1632,313.094759794759
"V275",1,0.544419554390174,1631,312.550340240369
"V276",0,0,1631,312.550340240369
"V277",1,0.071538476034732,1630,312.478801764334
"V278",1,0.00580496892263227,1629,312.472996795412
"V279",1,0.71329949626147,1628,311.75969729915
"V280",0,0,1628,311.75969729915
"V281",0,0,1628,311.75969729915
"V282",1,0.527043901688899,1627,311.232653397461
"V283",1,0.927951797323715,1626,310.304701600138
"V284",1,0.0348647478868429,1625,310.269836852251
"V285",0,0,1625,310.269836852251
"V286",1,0.0308450646209053,1624,310.23899178763
"V287",1,0.17671305493468,1623,310.062278732695
"V288",1,0.143145695134535,1622,309.919133037561
"V289",1,0.0614542596011347,1621,309.85767877796
"V290",1,0.00123535362121174,1620,309.856443424338
"V291",1,0.372094524297211,1619,309.484348900041
"V292",0,0,1619,309.484348900041
"V293",1,0.0712937279156449,1618,309.413055172126
"V294",0,0,1618,309.413055172126
"V295",0,0,1618,309.413055172126
"V296",0,0,1618,309.413055172126
"V297",0,0,1618,309.413055172126
"V298",0,0,1618,309.413055172126
"V299",1,0.0898877872448338,1617,309.323167384881
"V300",1,0.00437186432952785,1616,309.318795520551
"V301",1,0.636164735372461,1615,308.682630785179
"V302",0,0,1615,308.682630785179
"V303",1,0.0287048821897429,1614,308.653925902989
"V304",0,0,1614,308.653925902989
"V305",0,0,1614,308.653925902989
"V306",1,0.426765450032804,1613,308.227160452956
"V307",1,0.093415203122845,1612,308.133745249833
"V308",0,0,1612,308.133745249833
"V309",0,0,1612,308.133745249833
"V310",0,0,1612,308.133745249833
"V311",0,0,1612,308.133745249833
"V312",0,0,1612,308.133745249833
"V313",1,0.38220187846656,1611,307.751543371367
"V314",0,0,1611,307.751543371367
"V315",1,0.0279931244139107,1610,307.723550246953
"V316",1,0.0721658308598876,1609,307.651384416093
"V317",0,0,1609,307.651384416093
"V318",1,0.273484565393915,1608,307.377899850699
"V319",1,0.440925912591183,1607,306.936973938108
"V320",1,0.549812979721708,1606,306.387160958386
"V321",1,0.196650106740833,1605,306.190510851645
"V322",1,0.101340519777182,1604,306.089170331868
"V323",0,0,1604,306.089170331868
"V324",1,0.882866545746026,1603,305.206303786122
"V325",0,0,1603,305.206303786122
"V326",1,0.00378281168764261,1602,305.202520974434
"V327",1,1.23352868635186,1601,303.968992288083
"V328",0,0,1601,303.968992288083
"V329",1,0.00695880449563901,1600,303.962033483587
"V330",1,0.0577684525532618,1599,303.904265031034
"V331",1,0.0220269156388895,1598,303.882238115395
"V332",0,0,1598,303.882238115395
"V333",1,0.0407224106338617,1597,303.841515704761
"V334",1,0.0505881728471991,1596,303.790927531914
"V335",1,0.405167013835012,1595,303.385760518079
"V336",1,1.73120928475959,1594,301.654551233319
"V337",1,0.131638410733615,1593,301.522912822586
"V338",1,0.0613251978583662,1592,301.461587624727
"V339",1,0.134255075224587,1591,301.327332549503
"V340",1,0.243111090663604,1590,301.084221458839
"V341",1,0.0139220797657913,1589,301.070299379073
"V342",1,0.0507747303409474,1588,301.019524648732
"V343",0,0,1588,301.019524648732
"V344",0,0,1588,301.019524648732
"V345",1,0.0827640023740059,1587,300.936760646358
"V346",0,0,1587,300.936760646358
"V347",1,0.0894945399354015,1586,300.847266106423
"V348",0,0,1586,300.847266106423
"V349",1,0.0790395489678986,1585,300.768226557455
"V350",1,0.126675034863013,1584,300.641551522592
"V351",1,0.514408764464122,1583,300.127142758128
"V352",1,0.0305918201667055,1582,300.096550937961
"V353",1,0.497525744505595,1581,299.599025193456
"V354",1,0.116326559549009,1580,299.482698633907
"V355",1,0.0432597022867753,1579,299.43943893162
"V356",1,0.106910153740159,1578,299.33252877788
"V357",1,0.0450345135685097,1577,299.287494264311
"V358",1,0.0297005780406607,1576,299.25779368627
"V359",0,0,1576,299.25779368627
"V360",1,0,1575,300.33494572129
"V361",1,0.206852148271764,1574,300.128093573018
"V362",1,0.0466394133644599,1573,300.081454159654
"V363",0,0,1573,300.081454159654
"V364",1,0.375957205520479,1572,299.705496954133
"V365",1,0.00561156812000263,1571,299.699885386013
"V366",0,0,1571,299.699885386013
"V367",0,0,1571,299.699885386013
"V368",0,0,1571,299.699885386013
"V369",0,0,1571,299.699885386013
"V370",0,0,1571,299.699885386013
"V371",1,0.00671353204410252,1570,299.693171853969
"V372",0,0,1570,299.693171853969
"V373",1,0.0945996998132159,1569,299.598572154156
"V374",0,0,1569,299.598572154156
"V375",1,0.414200669559762,1568,299.184371484596
"V376",0,0,1568,299.184371484596
"V377",1,0.254631701884762,1567,298.929739782711
"V378",0,0,1567,298.929739782711
"V379",0,0,1567,298.929739782711
"V380",1,0.00105350146230876,1566,298.928686281249
"V381",0,0,1566,298.928686281249
"V382",0,0,1566,298.928686281249
"V383",0,0,1566,298.928686281249
"V384",1,0.223974140706275,1565,298.704712140543
"V385",0,0,1565,298.704712140543
"V386",0,0,1565,298.704712140543
"V387",1,0.251140205194872,1564,298.453571935348
"V388",1,0.643030231550654,1563,297.810541703797
"V389",0,0,1563,297.810541703797
"V390",1,3.93953527569465,1562,293.871006428103
"V391",0,0,1562,293.871006428103
"V392",0,0,1562,293.871006428103
"V393",1,0,1561,293.87309778122
"V394",1,0.0904940626833763,1560,293.782603718537
"V395",1,0.0202486366401331,1559,293.762355081897
"V396",1,0.289612142359545,1558,293.472742939537
"V397",1,0.0584981907031192,1557,293.414244748834
"V398",1,0.664828889240312,1556,292.749415859594
"V399",1,1.07705006749603,1555,291.672365792098
"V400",1,0.125678439199135,1554,291.546687352899
"V401",1,0.018748188977554,1553,291.527939163921
"V402",1,0.0230928477580505,1552,291.504846316163
"V403",1,2.65423915493744,1551,288.850607161226
"V404",1,0.407156453930611,1550,288.443450707295
"V405",1,0.00195517577617466,1549,288.441495531519
"V406",1,0.187010987449412,1548,288.254484544069
"V407",1,0.22738084561837,1547,288.027103698451
"V408",1,0.174390242168215,1546,287.852713456283
"V409",0,0,1546,287.852713456283
"V410",1,0.200930560342329,1545,287.65178289594
"V411",1,0.00395833718806671,1544,287.647824558752
"V412",1,0.840729406806247,1543,286.807095151946
"V413",0,0,1543,286.807095151946
"V414",1,0.172776588537772,1542,286.634318563408
"V415",1,0.207685384176614,1541,286.426633179232
"V416",1,0.0392826699567763,1540,286.387350509275
"V417",1,0.539487938210812,1539,285.847862571064
"V418",1,0,1538,285.848072317399
"V419",1,0.125965466698801,1537,285.7221068507
"V420",1,0.535254909230616,1536,285.186851941469
"V421",1,0.00291840869596172,1535,285.183933532773
"V422",1,0.0935672798247538,1534,285.090366252949
"V423",0,0,1534,285.090366252949
"V424",1,0.483405778419751,1533,284.606960474529
"V425",1,0.0225894123632315,1532,284.584371062166
"V426",1,0.0140128448321661,1531,284.570358217333
"V427",1,0.378610531743789,1530,284.19174768559
"V428",0,0,1530,284.19174768559
"V429",0,0,1530,284.19174768559
"V430",1,0.407316586581715,1529,283.784431099008
"V431",1,0.412401055083876,1528,283.372030043924
"V432",1,0.245299696389509,1527,283.126730347535
"V433",1,0.00387763034967747,1526,283.122852717185
"V434",1,0.092494816656199,1525,283.030357900529
"V435",1,0.309962924400338,1524,282.720394976128
"V436",0,0,1524,282.720394976128
"V437",1,0.584996427940382,1523,282.135398548188
"V438",1,0.0954718290842607,1522,282.039926719104
"V439",1,0.0120617485567323,1521,282.027864970547
"V440",0,0,1521,282.027864970547
"V441",0,0,1521,282.027864970547
"V442",1,0.5572369975024,1520,281.470627973045
"V443",1,0.338487271784913,1519,281.13214070126
"V444",1,0.0337559091515232,1518,281.098384792108
"V445",0,0,1518,281.098384792108
"V446",1,0.432244314450827,1517,280.666140477657
"V447",1,0.123836181288709,1516,280.542304296369
"V448",0,0,1516,280.542304296369
"V449",1,1.09428842222934,1515,279.448015874139
"V450",0,0,1515,279.448015874139
"V451",0,0,1515,279.448015874139
"V452",0,0,1515,279.448015874139
"V453",1,0.0587992400484154,1514,279.389216634091
"V454",1,0,1513,279.578207731566
"V455",0,0,1513,279.578207731566
"V456",0,0,1513,279.578207731566
"V457",0,0,1513,279.578207731566
"V458",1,0.102989369315765,1512,279.47521836225
"V459",0,0,1512,279.47521836225
"V460",1,0.224660569575576,1511,279.250557792674
"V461",1,0.414531646569799,1510,278.836026146105
"V462",1,0.0352051361394388,1509,278.800821009965
"V463",0,0,1509,278.800821009965
"V464",0,0,1509,278.800821009965
"V465",0,0,1509,278.800821009965
"V466",1,0.137570768984062,1508,278.663250240981
"V467",0,0,1508,278.663250240981
"V468",0,0,1508,278.663250240981
"V469",1,0.458632082370343,1507,278.204618158611
"V470",1,0.0900115170712752,1506,278.114606641539
"V471",1,0.152634850433401,1505,277.961971791106
"V472",1,0.455531766811248,1504,277.506440024295
"V473",1,0.0884356564325799,1503,277.418004367862
"V474",1,5.04096014604625,1502,272.377044221816
"V475",0,0,1502,272.377044221816
"V476",1,0.137847828608017,1501,272.239196393208
"V477",0,0,1501,272.239196393208
"V478",1,0.477888969818821,1500,271.761307423389
"V479",1,0.123322928110952,1499,271.637984495278
"V480",0,0,1499,271.637984495278
"V481",1,0.148420071132989,1498,271.489564424145
"V482",0,0,1498,271.489564424145
"V483",0,0,1498,271.489564424145
"V484",0,0,1498,271.489564424145
"V485",1,0.213707766524635,1497,271.275856657621
"V486",1,0,1496,271.283275633085
"V487",0,0,1496,271.283275633085
"V488",0,0,1496,271.283275633085
"V489",0,0,1496,271.283275633085
"V490",1,0.193414516187261,1495,271.089861116898
"V491",0,0,1495,271.089861116898
"V492",0,0,1495,271.089861116898
"V493",1,0.201120463941095,1494,270.888740652957
"V494",0,0,1494,270.888740652957
"V495",1,0.13032460034583,1493,270.758416052611
"V496",0,0,1493,270.758416052611
"V497",1,0.00133365638504301,1492,270.757082396226
"V498",0,0,1492,270.757082396226
"V499",0,0,1492,270.757082396226
"V500",0,0,1492,270.757082396226
"V501",0,0,1492,270.757082396226
"V502",0,0,1492,270.757082396226
"V503",0,0,1492,270.757082396226
"V504",0,0,1492,270.757082396226
"V505",0,0,1492,270.757082396226
"V506",1,0.0643538145062621,1491,270.69272858172
"V507",1,0.028129421101994,1490,270.664599160618
"V508",0,0,1490,270.664599160618
"V509",1,0.224362102020734,1489,270.440237058597
"V510",0,0,1489,270.440237058597
"V511",0,0,1489,270.440237058597
"V512",1,0.155147729245584,1488,270.285089329352
"V513",1,0.0156672015844492,1487,270.269422127767
"V514",0,0,1487,270.269422127767
"V515",1,0.0259055961956278,1486,270.243516531572
"V516",0,0,1486,270.243516531572
"V517",0,0,1486,270.243516531572
"V518",1,0.0732686705893002,1485,270.170247860982
"V519",0,0,1485,270.170247860982
"V520",0,0,1485,270.170247860982
"V521",0,0,1485,270.170247860982
"V522",0,0,1485,270.170247860982
"V523",0,0,1485,270.170247860982
"V524",0,0,1485,270.170247860982
"V525",0,0,1485,270.170247860982
"V526",1,0.554083591372262,1484,269.61616426961
"V527",1,0.127400049440894,1483,269.488764220169
"V528",0,0,1483,269.488764220169
"V529",0,0,1483,269.488764220169
"V530",0,0,1483,269.488764220169
"V531",0,0,1483,269.488764220169
"V532",0,0,1483,269.488764220169
"V533",0,0,1483,269.488764220169
"V534",1,0.0492393255118486,1482,269.439524894657
"V535",1,0.0764056288195434,1481,269.363119265838
"V536",1,0.569513975708503,1480,268.793605290129
"V537",1,0.102449375891695,1479,268.691155914238
"V538",0,0,1479,268.691155914238
"V539",1,0.586901909192136,1478,268.104254005045
"V540",1,0.0111272280718708,1477,268.093126776974
"V541",1,0.459605166013432,1476,267.63352161096
"V542",1,0,1475,267.658480233644
"V543",0,0,1475,267.658480233644
"V544",1,0.0051080974212141,1474,267.653372136223
"V545",0,0,1474,267.653372136223
"V546",0,0,1474,267.653372136223
"V547",1,0.0373265764826556,1473,267.61604555974
"V548",0,0,1473,267.61604555974
"V549",1,0.144983571387513,1472,267.471061988352
"V550",0,0,1472,267.471061988352
"V551",1,0,1471,267.481238939493
"V552",1,0.0171576262830513,1470,267.46408131321
"V553",0,0,1470,267.46408131321
"V554",0,0,1470,267.46408131321
"V555",1,0.0843205534608273,1469,267.379760759749
"V556",0,0,1469,267.379760759749
"V557",0,0,1469,267.379760759749
"V558",1,0.119582059321033,1468,267.260178700428
"V559",0,0,1468,267.260178700428
"V560",0,0,1468,267.260178700428
"V561",1,0.48846643482068,1467,266.771712265607
"V562",1,0,1466,266.777199292453
"V563",0,0,1466,266.777199292453
"V564",0,0,1466,266.777199292453
"V565",1,0.305905733473367,1465,266.47129355898
"V566",1,1.2307729551012,1464,265.240520603879
"V567",0,0,1464,265.240520603879
"V568",0,0,1464,265.240520603879
"V569",0,0,1464,265.240520603879
"V570",0,0,1464,265.240520603879
"V571",1,0.0216929097050524,1463,265.218827694174
"V572",1,0.286134256011621,1462,264.932693438162
"V573",1,0.546651077672493,1461,264.386042360489
"V574",1,0.106623994708173,1460,264.279418365781
"V575",0,0,1460,264.279418365781
"V576",0,0,1460,264.279418365781
"V577",1,0.0377587157622088,1459,264.241659650019
"V578",0,0,1459,264.241659650019
"V579",0,0,1459,264.241659650019
"V580",0,0,1459,264.241659650019
"V581",0,0,1459,264.241659650019
"V582",0,0,1459,264.241659650019
"V583",0,0,1459,264.241659650019
"V584",0,0,1459,264.241659650019
"V585",0,0,1459,264.241659650019
"V586",0,0,1459,264.241659650019
"V587",0,0,1459,264.241659650019
"V588",1,0.391244094991634,1458,263.850415555027
"V589",0,0,1458,263.850415555027
"V590",1,0.109645441531086,1457,263.740770113496
"V591",0,0,1457,263.740770113496
"V592",0,0,1457,263.740770113496
"V593",0,0,1457,263.740770113496
"V594",1,0,1456,263.826073774485
"V595",0,0,1456,263.826073774485
"V596",0,0,1456,263.826073774485
"V597",0,0,1456,263.826073774485
"V598",0,0,1456,263.826073774485
"V599",0,0,1456,263.826073774485
"V600",0,0,1456,263.826073774485
"V601",1,0.0723538985439518,1455,263.753719875941
"V602",0,0,1455,263.753719875941
"V603",0,0,1455,263.753719875941
"V604",0,0,1455,263.753719875941
"V605",0,0,1455,263.753719875941
"V606",1,0.0469483337448082,1454,263.706771542196
"V607",0,0,1454,263.706771542196
"V608",0,0,1454,263.706771542196
"V609",0,0,1454,263.706771542196
"V610",0,0,1454,263.706771542196
"V611",0,0,1454,263.706771542196
"V612",1,0,1453,263.721580951791
"V613",0,0,1453,263.721580951791
"V614",0,0,1453,263.721580951791
"V615",0,0,1453,263.721580951791
"V616",0,0,1453,263.721580951791
"V617",1,0.0075140524607491,1452,263.71406689933
"V618",0,0,1452,263.71406689933
"V619",0,0,1452,263.71406689933
"V620",0,0,1452,263.71406689933
"V621",0,0,1452,263.71406689933
"V622",0,0,1452,263.71406689933
"V623",0,0,1452,263.71406689933
"V624",0,0,1452,263.71406689933
"V625",0,0,1452,263.71406689933
"V626",0,0,1452,263.71406689933
"V627",0,0,1452,263.71406689933
"V628",0,0,1452,263.71406689933
"V629",0,0,1452,263.71406689933
"V630",0,0,1452,263.71406689933
"V631",0,0,1452,263.71406689933
"V632",0,0,1452,263.71406689933
"V633",1,0.0433989910431478,1451,263.670667908287
"V634",0,0,1451,263.670667908287
"V635",0,0,1451,263.670667908287
"V636",0,0,1451,263.670667908287
"V637",0,0,1451,263.670667908287
"V638",0,0,1451,263.670667908287
"V639",0,0,1451,263.670667908287
"V640",1,0,1450,263.797339102543
"V641",0,0,1450,263.797339102543
"V642",0,0,1450,263.797339102543
"V643",0,0,1450,263.797339102543
"V644",0,0,1450,263.797339102543
"V645",0,0,1450,263.797339102543
"V646",0,0,1450,263.797339102543
"V647",0,0,1450,263.797339102543
"V648",0,0,1450,263.797339102543
"V649",0,0,1450,263.797339102543
"V650",0,0,1450,263.797339102543
"V651",0,0,1450,263.797339102543
"V652",0,0,1450,263.797339102543
"V653",0,0,1450,263.797339102543
"V654",0,0,1450,263.797339102543
"V655",0,0,1450,263.797339102543
"V656",0,0,1450,263.797339102543
"V657",0,0,1450,263.797339102543
"V658",0,0,1450,263.797339102543
"V659",0,0,1450,263.797339102543
"V660",1,0.287163492818081,1449,263.510175609725
"V661",1,0.0822018814607759,1448,263.427973728264
"V662",0,0,1448,263.427973728264
"V663",0,0,1448,263.427973728264
"V664",0,0,1448,263.427973728264
"V665",0,0,1448,263.427973728264
"V666",0,0,1448,263.427973728264
"V667",1,0.49507802967878,1447,262.932895698586
"V668",0,0,1447,262.932895698586
"V669",1,0.064944179229542,1446,262.867951519356
"V670",0,0,1446,262.867951519356
"V671",0,0,1446,262.867951519356
"V672",1,0.16201141181682,1445,262.705940107539
"V673",0,0,1445,262.705940107539
"V674",0,0,1445,262.705940107539
"V675",1,0,1444,262.790095891116
"V676",0,0,1444,262.790095891116
"V677",0,0,1444,262.790095891116
"V678",0,0,1444,262.790095891116
"V679",0,0,1444,262.790095891116
"V680",0,0,1444,262.790095891116
"V681",0,0,1444,262.790095891116
"V682",0,0,1444,262.790095891116
"V683",0,0,1444,262.790095891116
"V684",0,0,1444,262.790095891116
"V685",1,0.108883496875819,1443,262.681212394241
"V686",0,0,1443,262.681212394241
"V687",0,0,1443,262.681212394241
"V688",0,0,1443,262.681212394241
"V689",1,0,1442,262.68534256166
"V690",0,0,1442,262.68534256166
"V691",0,0,1442,262.68534256166
"V692",1,0.401927197492853,1441,262.283415364167
"V693",1,0.213094486130956,1440,262.070320878036
"V694",1,0.010630924131533,1439,262.059689953904
"V695",1,0.114822924925761,1438,261.944867028979
"V696",0,0,1438,261.944867028979
"V697",1,0.0137651456578851,1437,261.931101883321
"V698",0,0,1437,261.931101883321
"V699",0,0,1437,261.931101883321
"V700",0,0,1437,261.931101883321
"V701",0,0,1437,261.931101883321
"V702",0,0,1437,261.931101883321
"V703",0,0,1437,261.931101883321
"V704",0,0,1437,261.931101883321
"V705",0,0,1437,261.931101883321
"V706",0,0,1437,261.931101883321
"V707",1,0.0341625667006156,1436,261.89693931662
"V708",0,0,1436,261.89693931662
"V709",1,0,1435,261.898826257833
"V710",0,0,1435,261.898826257833
"V711",0,0,1435,261.898826257833
"V712",0,0,1435,261.898826257833
"V713",1,0.0232196493759034,1434,261.875606608458
"V714",1,0.0647009140401451,1433,261.810905694417
"V715",0,0,1433,261.810905694417
"V716",1,0.581500558757796,1432,261.22940513566
"V717",0,0,1432,261.22940513566
"V718",0,0,1432,261.22940513566
"V719",1,0,1431,261.243519991568
"V720",0,0,1431,261.243519991568
"V721",0,0,1431,261.243519991568
"V722",0,0,1431,261.243519991568
"V723",0,0,1431,261.243519991568
"V724",1,0.0860768424932417,1430,261.157443149075
"V725",0,0,1430,261.157443149075
"V726",0,0,1430,261.157443149075
"V727",0,0,1430,261.157443149075
"V728",0,0,1430,261.157443149075
"V729",0,0,1430,261.157443149075
"V730",0,0,1430,261.157443149075
"V731",1,0,1429,261.394650585541
"V732",0,0,1429,261.394650585541
"V733",0,0,1429,261.394650585541
"V734",0,0,1429,261.394650585541
"V735",0,0,1429,261.394650585541
"V736",0,0,1429,261.394650585541
"V737",0,0,1429,261.394650585541
"V738",0,0,1429,261.394650585541
"V739",1,0.108091575683261,1428,261.286559009858
"V740",0,0,1428,261.286559009858
"V741",0,0,1428,261.286559009858
"V742",0,0,1428,261.286559009858
"V743",0,0,1428,261.286559009858
"V744",0,0,1428,261.286559009858
"V745",0,0,1428,261.286559009858
"V746",1,0.0627139269748795,1427,261.223845082883
"V747",1,0.326829858302403,1426,260.897015224581
"V748",0,0,1426,260.897015224581
"V749",0,0,1426,260.897015224581
"V750",0,0,1426,260.897015224581
"V751",0,0,1426,260.897015224581
"V752",0,0,1426,260.897015224581
"V753",1,0.928085204548495,1425,259.968930020032
"V754",0,0,1425,259.968930020032
"V755",0,0,1425,259.968930020032
"V756",0,0,1425,259.968930020032
"V757",1,0.0119279127171126,1424,259.957002107315
"V758",0,0,1424,259.957002107315
"V759",0,0,1424,259.957002107315
"V760",0,0,1424,259.957002107315
"V761",1,0.351999758735701,1423,259.605002348579
"V762",0,0,1423,259.605002348579
"V763",0,0,1423,259.605002348579
"V764",0,0,1423,259.605002348579
"V765",0,0,1423,259.605002348579
"V766",0,0,1423,259.605002348579
"V767",0,0,1423,259.605002348579
"V768",0,0,1423,259.605002348579
"V769",0,0,1423,259.605002348579
"V770",0,0,1423,259.605002348579
"V771",0,0,1423,259.605002348579
"V772",0,0,1423,259.605002348579
"V773",0,0,1423,259.605002348579
"V774",0,0,1423,259.605002348579
"V775",0,0,1423,259.605002348579
"V776",1,0.0103291287136926,1422,259.594673219866
"V777",0,0,1422,259.594673219866
"V778",1,0,1421,259.597413960009
"V779",1,1.67231077497405,1420,257.925103185035
"V780",1,0.0986789429304622,1419,257.826424242105
"V781",0,0,1419,257.826424242105
"V782",0,0,1419,257.826424242105
"V783",0,0,1419,257.826424242105
"V784",0,0,1419,257.826424242105
"V785",1,0.0735816059691956,1418,257.752842636135
"V786",0,0,1418,257.752842636135
"V787",0,0,1418,257.752842636135
"V788",0,0,1418,257.752842636135
"V789",0,0,1418,257.752842636135
"V790",0,0,1418,257.752842636135
"V791",0,0,1418,257.752842636135
"V792",0,0,1418,257.752842636135
"V793",0,0,1418,257.752842636135
"V794",1,0.636580768113902,1417,257.116261868021
"V795",0,0,1417,257.116261868021
"V796",1,0,1416,257.11672355517
"V797",1,0.0552311744938834,1415,257.061492380676
"V798",1,0.309208841401244,1414,256.752283539275
"V799",1,0.135183713324864,1413,256.61709982595
"V800",0,0,1413,256.61709982595
"V801",1,0.0549242363729263,1412,256.562175589577
"V802",1,0.00833009195031309,1411,256.553845497627
"V803",1,0.564503287454727,1410,255.989342210172
"V804",0,0,1410,255.989342210172
"V805",1,0.861341494129505,1409,255.128000716043
"V806",1,0.304582978305802,1408,254.823417737737
"V807",1,0.538272152084744,1407,254.285145585652
"V808",0,0,1407,254.285145585652
"V809",0,0,1407,254.285145585652
"V810",1,0,1406,254.291124251841
"V811",1,0.117604397729082,1405,254.173519854112
"V812",1,0.484058266599078,1404,253.689461587513
"V813",1,0.113983404558184,1403,253.575478182955
"V814",1,0.217227537420712,1402,253.358250645534
"V815",1,0.149357052537994,1401,253.208893592996
"V816",1,0.0253021762439687,1400,253.183591416752
"V817",1,0.0559000673332832,1399,253.127691349419
"V818",1,0.0296483598975783,1398,253.098042989521
"V819",1,2.30804802016735,1397,250.789994969354
"V820",1,0.0478966960071716,1396,250.742098273346
"V821",1,0.00667173272495347,1395,250.735426540622
"V822",0,0,1395,250.735426540622
"V823",1,0.107654787177609,1394,250.627771753444
"V824",1,0.0576089635934807,1393,250.57016278985
"V825",1,0,1392,250.570989466036
"V826",0,0,1392,250.570989466036
"V827",0,0,1392,250.570989466036
"V828",1,0.023037319638064,1391,250.547952146398
"V829",0,0,1391,250.547952146398
"V830",1,0.0924696207096645,1390,250.455482525689
"V831",1,0,1389,250.455604092865
"V832",1,0.495035093945432,1388,249.96056899892
"V833",1,0.0400976733590142,1387,249.920471325561
"V834",1,0.0213181269845677,1386,249.899153198576
"V835",1,0,1385,249.909791835994
"V836",1,0.83098960856708,1384,249.078802227427
"V837",1,0.0158459874579364,1383,249.062956239969
"V838",1,0.166065498125107,1382,248.896890741844
"V839",0,0,1382,248.896890741844
"V840",1,0.0350183382174123,1381,248.861872403627
"V841",1,0.409311210325967,1380,248.452561193301
"V842",1,0.163485512555354,1379,248.289075680746
"V843",1,0.224179708130549,1378,248.064895972615
"V844",0,0,1378,248.064895972615
"V845",1,0.00795871945547333,1377,248.05693725316
"V846",1,0.249192405358286,1376,247.807744847801
"V847",1,0.0546418715221648,1375,247.753102976279
"V848",1,0.121109859376361,1374,247.631993116903
"V849",1,0.293309788636805,1373,247.338683328266
"V850",1,0.286496278361369,1372,247.052187049905
"V851",0,0,1372,247.052187049905
"V852",0,0,1372,247.052187049905
"V853",0,0,1372,247.052187049905
"V854",1,0.187177582958981,1371,246.865009466946
"V855",0,0,1371,246.865009466946
"V856",1,0,1370,246.879024541025
"V857",0,0,1370,246.879024541025
"V858",0,0,1370,246.879024541025
"V859",1,0.94103095213336,1369,245.937993588892
"V860",1,0.273983499775397,1368,245.664010089116
"V861",1,0.0729562795468723,1367,245.591053809569
"V862",1,0,1366,245.599095212534
"V863",1,0,1365,245.649153718459
"V864",1,0.782597304829437,1364,244.866556413629
"V865",1,0.019735977348688,1363,244.84682043628
"V866",0,0,1363,244.84682043628
"V867",1,0,1362,244.867992899407
"V868",1,0.0359201901989934,1361,244.832072709208
"V869",1,0.803353778504658,1360,244.028718930703
"V870",1,0.185233538585067,1359,243.843485392118
"V871",1,0.350927089097439,1358,243.492558303021
"V872",1,0.164750524212991,1357,243.327807778808
"V873",1,0.104741603959468,1356,243.223066174848
"V874",1,0.121981116950138,1355,243.101085057898
"V875",1,0.0677265321625384,1354,243.033358525735
"V876",1,0,1353,243.050086080231
"V877",1,0.0174453350526562,1352,243.032640745178
"V878",1,0.386217033438953,1351,242.646423711739
"V879",1,0.822047994636534,1350,241.824375717102
"V880",1,0.0359592054601592,1349,241.788416511642
"V881",1,0.119119394075511,1348,241.669297117567
"V882",1,1.84386303833085,1347,239.825434079236
"V883",1,0,1346,239.837793302933
"V884",1,0.259438549769015,1345,239.578354753164
"V885",1,0.366122564423904,1344,239.21223218874
"V886",1,0.377899169130956,1343,238.834333019609
"V887",1,0.288845004309394,1342,238.5454880153
"V888",1,0.0302432622231947,1341,238.515244753077
"V889",1,0,1340,238.528656942291
"V890",1,0.347431735936084,1339,238.181225206355
"V891",0,0,1339,238.181225206355
"V892",1,0.113446772664247,1338,238.067778433691
"V893",1,0.102634627290257,1337,237.9651438064
"V894",1,0.0182276967274788,1336,237.946916109673
"V895",1,0.921240640829524,1335,237.025675468843
"V896",1,0.0552703119921318,1334,236.970405156851
"V897",1,0.044602052697627,1333,236.925803104154
"V898",1,0,1332,237.029718217409
"V899",1,0.268506209993035,1331,236.761212007416
"V900",0,0,1331,236.761212007416
"V901",1,0.185728627721403,1330,236.575483379695
"V902",1,0.0313535086056049,1329,236.544129871089
"V903",1,0.0229930204268669,1328,236.521136850662
"V904",1,0.74773297153925,1327,235.773403879123
"V905",1,1.1459250493013,1326,234.627478829822
"V906",1,0.0362987602293856,1325,234.591180069592
"V907",1,0.0226063898364544,1324,234.568573679756
"V908",0,0,1324,234.568573679756
"V909",1,0.0352393672798144,1323,234.533334312476
"V910",1,0.191947753786081,1322,234.34138655869
"V911",0,0,1322,234.34138655869
"V912",1,0.0215785398646631,1321,234.319808018825
"V913",0,0,1321,234.319808018825
"V914",1,0,1320,234.368295010519
"V915",0,0,1320,234.368295010519
"V916",0,0,1320,234.368295010519
"V917",0,0,1320,234.368295010519
"V918",1,0.1280704969829,1319,234.240224513536
"V919",1,0.247622648710006,1318,233.992601864826
"V920",1,0.0113106138165904,1317,233.981291251009
"V921",1,0,1316,233.995599365253
"V922",1,1.08892123598264,1315,232.90667812927
"V923",1,0.299578442647146,1314,232.607099686623
"V924",0,0,1314,232.607099686623
"V925",0,0,1314,232.607099686623
"V926",0,0,1314,232.607099686623
"V927",1,0.0175644844050566,1313,232.589535202218
"V928",0,0,1313,232.589535202218
"V929",1,0.310355580967922,1312,232.27917962125
"V930",0,0,1312,232.27917962125
"V931",0,0,1312,232.27917962125
"V932",0,0,1312,232.27917962125
"V933",1,2.12271927271797,1311,230.156460348532
"V934",1,0.0788940741135207,1310,230.077566274418
"V935",1,0.0571540361930829,1309,230.020412238225
"V936",1,0,1308,230.030173488667
"V937",1,0.0166015268784747,1307,230.013571961789
"V938",1,0.161907330509621,1306,229.851664631279
"V939",1,0,1305,229.886264873162
"V940",0,0,1305,229.886264873162
"V941",1,0.331106888354299,1304,229.555157984808
"V942",1,1.30303518237375,1303,228.252122802434
"V943",0,0,1303,228.252122802434
"V944",1,0.0322443605570868,1302,228.219878441877
"V945",1,0.0127944999111946,1301,228.207083941966
"V946",1,0.285642423852579,1300,227.921441518113
"V947",1,0.00414003259612628,1299,227.917301485517
"V948",1,0.11902297939011,1298,227.798278506127
"V949",0,0,1298,227.798278506127
"V950",1,0.110382563621073,1297,227.687895942506
"V951",1,0.242688091798243,1296,227.445207850708
"V952",1,0.0626651475353697,1295,227.382542703172
"V953",1,0.054121184553992,1294,227.328421518618
"V954",1,0.0535300871942184,1293,227.274891431424
"V955",1,0.000670240356328122,1292,227.274221191068
"V956",1,0.0126466727627701,1291,227.261574518305
"V957",0,0,1291,227.261574518305
"V958",1,0.440823955696118,1290,226.820750562609
"V959",0,0,1290,226.820750562609
"V960",0,0,1290,226.820750562609
"V961",0,0,1290,226.820750562609
"V962",0,0,1290,226.820750562609
"V963",0,0,1290,226.820750562609
"V964",1,0,1289,9997526588775014400
"V965",1,6522331538293557248,1288,3475195050481456640
"V966",0,0,1288,3475195050481456640
"V967",0,0,1288,3475195050481456640
"V968",1,337397696728914432,1287,3137797353752542208
"V969",1,0,1286,6821688677281179648
"V970",1,438264505958603776,1285,6383424171322575872
"V971",1,4263039651245213696,1284,2120384520077362176
"V972",1,0,1283,3919759677443865600
"V973",1,0,1282,9572302706044567552
"V974",1,6609650737612857344,1281,2962651968431710208
"V975",1,0,1280,3583110678379130368
"V976",0,0,1280,3583110678379130368
"V977",1,317053594081294848,1279,3266057084297835520
"V978",1,0,1278,3784299871514954752
"V979",1,0,1277,4560921336068747776
"V980",1,0,1276,5264499673932724224
"V981",1,0,1275,6541014742894828544
"V982",1,0,1274,9303427835857168384
"V983",0,0,1274,9303427835857168384
"V984",1,5642836404877415424,1273,3660591430979752960
"V985",0,0,1273,3660591430979752960
"V986",0,0,1273,3660591430979752960
"V987",0,0,1273,3660591430979752960
"V988",0,0,1273,3660591430979752960
"V989",1,0,1272,6874395771534880768
"V990",1,3069584203971932672,1271,3804811567562948096
"V991",1,0,1270,7329867558213318656
"V992",0,0,1270,7329867558213318656
"V993",0,0,1270,7329867558213318656
"V994",0,0,1270,7329867558213318656
"V995",1,0,1269,8185628584662797312
"V996",1,4768292264600487936,1268,3417336320062309888
"V997",1,0,1267,7195181830972466176
"V998",1,386847321190660096,1266,6808334509781806080
"V999",0,0,1266,6808334509781806080
"V1000",1,3830377198693076480,1265,2977957311088729600
"V1001",1,0,1264,6433031659709016064
"V1002",1,0,1263,6571123329105918976
"V1003",0,0,1263,6571123329105918976
"V1004",0,0,1263,6571123329105918976
"V1005",1,3591348799131646976,1262,2979774529974272000
"V1006",0,0,1262,2979774529974272000
"V1007",0,0,1262,2979774529974272000
"V1008",1,554833472987274240,1261,2.424941056987e+18
"V1009",1,0,1260,4960357841736591360
"V1010",1,0,1259,5805075235816677376
"V1011",1,2995806486336043008,1258,2809268749480634368
"V1012",0,0,1258,2809268749480634368
"V1013",0,0,1258,2809268749480634368
"V1014",1,0,1257,5386953485492145152
"V1015",1,775410285833304064,1256,4611543199658841088
"V1016",0,0,1256,4611543199658841088
"V1017",0,0,1256,4611543199658841088
"V1018",0,0,1256,4611543199658841088
"V1019",0,0,1256,4611543199658841088
"V1020",1,1069231876464032768,1255,3542311323194808320
"V1021",1,0,1254,4788090195570957312
"V1022",1,2635626472777028608,1253,2152463722793928448
"V1023",1,0,1252,7036745702479007744
"V1024",1,526193098107585536,1251,6510552604371422208
"V1025",1,3828944368083644416,1250,2681608236287777792
"V1026",0,0,1250,2681608236287777792
"V1027",1,0,1249,3481012723511161344
"V1028",1,89775405194550784,1248,3391237318316610560
"V1029",1,1236165899037513472,1247,2155071419279097088
"V1030",1,0,1246,4556849613776805376
"V1031",1,1244825803467788288,1245,3312023810309017088
"V1032",1,0,1244,3811148126050959360
"V1033",1,0,1243,5103851539339142144
"V1034",0,0,1243,5103851539339142144
"V1035",0,0,1243,5103851539339142144
"V1036",0,0,1243,5103851539339142144
"V1037",1,1217770696458791424,1242,3886080842880350720
"V1038",1,1767846291267682304,1241,2118234551612668416
"V1039",0,0,1241,2118234551612668416
"V1040",1,0,1240,2224401795553959424
"V1041",0,0,1240,2224401795553959424
"V1042",0,0,1240,2224401795553959424
"V1043",1,0,1239,2625374932634027520
"V1044",1,696426745120969472,1238,1928948187513058048
"V1045",0,0,1238,1928948187513058048
"V1046",0,0,1238,1928948187513058048
"V1047",1,14619184328187904,1237,1914329003184870144
"V1048",0,0,1237,1914329003184870144
"V1049",1,0,1236,1961896636667261952
"V1050",0,0,1236,1961896636667261952
"V1051",0,0,1236,1961896636667261952
"V1052",0,0,1236,1961896636667261952
"V1053",0,0,1236,1961896636667261952
"V1054",0,0,1236,1961896636667261952
"V1055",0,0,1236,1961896636667261952
"V1056",1,0,1235,2244695899083387904
"V1057",1,0,1234,2874043976491687424
"V1058",0,0,1234,2874043976491687424
"V1059",1,63865616913758720,1233,2810178359577928704
"V1060",1,0,1232,5581533012257328128
"V1061",1,734473209512352768,1231,4847059802744975360
"V1062",1,0,1230,4982314232661330944
"V1063",1,0,1229,6152759375824168960
"V1064",1,3154353106412800512,1228,2998406269411368448
"V1065",1,0,1227,5768968385997789184
"V1066",1,1921939008728005120,1226,3847029377269784064
"V1067",1,0,1225,4605065523046534144
"V1068",1,0,1224,6656068078841015296
"V1069",1,0,1223,7750308694364461056
"V1070",1,1130150698778259456,1222,6620157995586201600
"V1071",1,2677168000745169408,1221,3942989994841032192
"V1072",1,1921342615171164672,1220,2021647379669867520
"V1073",0,0,1220,2021647379669867520
"V1074",1,0,1219,2542854865466432512
"V1075",1,0,1218,6793102788684592128
"V1076",1,2226604427978273280,1217,4566498360706318848
"V1077",0,0,1217,4566498360706318848
"V1078",0,0,1217,4566498360706318848
"V1079",1,0,1216,4898728215105857536
"V1080",1,1619792048590390272,1215,3278936166515467264
"V1081",0,0,1215,3278936166515467264
"V1082",1,0,1214,3337812413857236992
"V1083",1,0,1213,5532686013199145984
"V1084",0,0,1213,5532686013199145984
"V1085",0,0,1213,5532686013199145984
"V1086",0,0,1213,5532686013199145984
"V1087",1,1000957457792856064,1212,4531728555406289920
"V1088",0,0,1212,4531728555406289920
"V1089",0,0,1212,4531728555406289920
"V1090",1,788642874949479424,1211,3743085680456810496
"V1091",0,0,1211,3743085680456810496
"V1092",0,0,1211,3743085680456810496
"V1093",0,0,1211,3743085680456810496
"V1094",0,0,1211,3743085680456810496
"V1095",1,0,1210,4086411400890339328
"V1096",0,0,1210,4086411400890339328
"V1097",1,0,1209,5021466304977297408
"V1098",0,0,1209,5021466304977297408
"V1099",1,238722544401180672,1208,4782743760576116736
"V1100",0,0,1208,4782743760576116736
"V1101",1,0,1207,6091445852447641600
"V1102",0,0,1207,6091445852447641600
"V1103",0,0,1207,6091445852447641600
"V1104",1,0,1206,7808735786409458688
"V1105",0,0,1206,7808735786409458688
"V1106",0,0,1206,7808735786409458688
"V1107",1,847484072042602496,1205,6961251714366856192
"V1108",1,0,1204,8328609253405192192
"V1109",1,1203614825159436288,1203,7124994428245755904
"V1110",0,0,1203,7124994428245755904
"V1111",0,0,1203,7124994428245755904
"V1112",0,0,1203,7124994428245755904
"V1113",0,0,1203,7124994428245755904
"V1114",0,0,1203,7124994428245755904
"V1115",0,0,1203,7124994428245755904
"V1116",0,0,1203,7124994428245755904
"V1117",0,0,1203,7124994428245755904
"V1118",1,111264543738278912,1202,7013729884507476992
"V1119",1,688837329787656192,1201,6324892554719820800
"V1120",0,0,1201,6324892554719820800
"V1121",1,0,1200,8711309356252991488
"V1122",1,2067239714868736000,1199,6644069641384255488
"V1123",0,0,1199,6644069641384255488
"V1124",0,0,1199,6644069641384255488
"V1125",0,0,1199,6644069641384255488
"V1126",0,0,1199,6644069641384255488
"V1127",0,0,1199,6644069641384255488
"V1128",0,0,1199,6644069641384255488
"V1129",0,0,1199,6644069641384255488
"V1130",0,0,1199,6644069641384255488
"V1131",0,0,1199,6644069641384255488
"V1132",0,0,1199,6644069641384255488
"V1133",0,0,1199,6644069641384255488
"V1134",0,0,1199,6644069641384255488
"V1135",0,0,1199,6644069641384255488
"V1136",0,0,1199,6644069641384255488
"V1137",0,0,1199,6644069641384255488
"V1138",0,0,1199,6644069641384255488
"V1139",0,0,1199,6644069641384255488
"V1140",0,0,1199,6644069641384255488
"V1141",0,0,1199,6644069641384255488
"V1142",0,0,1199,6644069641384255488
"V1143",0,0,1199,6644069641384255488
"V1144",0,0,1199,6644069641384255488
"V1145",0,0,1199,6644069641384255488
"V1146",0,0,1199,6644069641384255488
"V1147",0,0,1199,6644069641384255488
"V1148",0,0,1199,6644069641384255488
"V1149",0,0,1199,6644069641384255488
"V1150",0,0,1199,6644069641384255488
"V1151",0,0,1199,6644069641384255488
"V1152",0,0,1199,6644069641384255488
"V1153",0,0,1199,6644069641384255488
"V1154",0,0,1199,6644069641384255488
"V1155",0,0,1199,6644069641384255488
"V1156",0,0,1199,6644069641384255488
"V1157",0,0,1199,6644069641384255488
"V1158",0,0,1199,6644069641384255488
"V1159",0,0,1199,6644069641384255488
"V1160",0,0,1199,6644069641384255488
"V1161",0,0,1199,6644069641384255488
"V1162",0,0,1199,6644069641384255488
"V1163",0,0,1199,6644069641384255488
"V1164",0,0,1199,6644069641384255488
"V1165",0,0,1199,6644069641384255488
"V1166",0,0,1199,6644069641384255488
"V1167",0,0,1199,6644069641384255488
"V1168",0,0,1199,6644069641384255488
"V1169",0,0,1199,6644069641384255488
"V1170",0,0,1199,6644069641384255488
"V1171",0,0,1199,6644069641384255488
"V1172",0,0,1199,6644069641384255488
"V1173",0,0,1199,6644069641384255488
"V1174",0,0,1199,6644069641384255488
"V1175",0,0,1199,6644069641384255488
"V1176",0,0,1199,6644069641384255488
"V1177",0,0,1199,6644069641384255488
"V1178",0,0,1199,6644069641384255488
"V1179",0,0,1199,6644069641384255488
"V1180",0,0,1199,6644069641384255488
"V1181",0,0,1199,6644069641384255488
"V1182",1,0,1198,9844788421693302784
"V1183",0,0,1198,9844788421693302784
"V1184",0,0,1198,9844788421693302784
"V1185",0,0,1198,9844788421693302784
"V1186",0,0,1198,9844788421693302784
"V1187",0,0,1198,9844788421693302784
"V1188",0,0,1198,9844788421693302784
"V1189",1,4005086610361105408,1197,5839701811332197376
"V1190",0,0,1197,5839701811332197376
"V1191",0,0,1197,5839701811332197376
"V1192",0,0,1197,5839701811332197376
"V1193",1,0,1196,14016664093315434496
"V1194",0,0,1196,14016664093315434496
"V1195",0,0,1196,14016664093315434496
"V1196",0,0,1196,14016664093315434496
"V1197",0,0,1196,14016664093315434496
"V1198",1,7242845047858044928,1195,6773819045457389568
"V1199",0,0,1195,6773819045457389568
"V1200",0,0,1195,6773819045457389568
"V1201",0,0,1195,6773819045457389568
"V1202",0,0,1195,6773819045457389568
"V1203",0,0,1195,6773819045457389568
"V1204",0,0,1195,6773819045457389568
"V1205",1,0,1194,7750874535468574720
"V1206",1,2303146808055553024,1193,5447727727413021696
"V1207",1,0,1192,8747627885296071680
"V1208",0,0,1192,8747627885296071680
"V1209",1,899525292462893056,1191,7848102592833178624
"V1210",1,0,1190,10053440632071356416
"V1211",1,2311909289364534272,1189,7741531342706822144
"V1212",1,0,1188,8004365124330203136
"V1213",0,0,1188,8004365124330203136
"V1214",1,2826929454555738112,1187,5177435669774465024
"V1215",0,0,1187,5177435669774465024
"V1216",1,2388951745564431872,1186,2788483924210033152
"V1217",0,0,1186,2788483924210033152
"V1218",1,0,1185,4232051517020559872
"V1219",0,0,1185,4232051517020559872
"V1220",0,0,1185,4232051517020559872
"V1221",0,0,1185,4232051517020559872
"V1222",0,0,1185,4232051517020559872
"V1223",1,0,1184,4565027409501419520
"V1224",1,0,1183,4587939228324588032
"V1225",1,267297836105723392,1182,4320641392218864640
"V1226",0,0,1182,4320641392218864640
"V1227",0,0,1182,4320641392218864640
"V1228",1,0,1181,6669448391921158144
"V1229",1,0,1180,6871185196338487296
"V1230",0,0,1180,6871185196338487296
"V1231",1,0,1179,10038538311803516928
"V1232",1,0,1178,12447503969559625728
"V1233",1,7059430579117327360,1177,5388073390442298368
"V1234",0,0,1177,5388073390442298368
"V1235",1,0,1176,6462273249395312640
"V1236",1,0,1175,8342200165309291520
"V1237",1,0,1174,9184488681042685952
"V1238",0,0,1174,9184488681042685952
"V1239",1,0,1173,9413564206978705408
"V1240",0,0,1173,9413564206978705408
"V1241",1,1628616368214475776,1172,7784947838764229632
"V1242",0,0,1172,7784947838764229632
"V1243",1,1830478666046124032,1171,5954469172718105600
"V1244",1,0,1170,7784429549579559936
"V1245",0,0,1170,7784429549579559936
"V1246",1,1874166361316238336,1169,5910263188263321600
"V1247",0,0,1169,5910263188263321600
"V1248",1,0,1168,8246158599274673152
"V1249",1,2042726218587141120,1167,6203432380687532032
"V1250",0,0,1167,6203432380687532032
"V1251",0,0,1167,6203432380687532032
"V1252",0,0,1167,6203432380687532032
"V1253",0,0,1167,6203432380687532032
"V1254",0,0,1167,6203432380687532032
"V1255",1,0,1166,9581791008923916288
"V1256",0,0,1166,9581791008923916288
"V1257",1,701510698617657344,1165,8880280310306258944
"V1258",1,2333675652858137600,1164,6546604657448121344
"V1259",1,0,1163,8866611063103680512
"V1260",1,780838294425504768,1162,8085772768678175744
"V1261",1,0,1161,8859305708589856768
"V1262",1,0,1160,18306956264536567808
"V1263",0,0,1160,18306956264536567808
"V1264",1,9415949698416599040,1159,8891006566119969792
"V1265",0,0,1159,8891006566119969792
"V1266",1,0,1158,12089211688938301440
"V1267",0,0,1158,12089211688938301440
"V1268",1,6369433433046429696,1157,5719778255891871744
"V1269",1,0,1156,6677711146240819200
"V1270",0,0,1156,6677711146240819200
"V1271",1,0,1155,8239903951567845376
"V1272",1,230934556920585216,1154,8008969394647260160
"V1273",1,784824731111980032,1153,7224144663535280128
"V1274",1,0,1152,11241053658686402560
"V1275",0,0,1152,11241053658686402560
"V1276",1,3536172776224536576,1151,7704880882461865984
"V1277",0,0,1151,7704880882461865984
"V1278",1,0,1150,8923266327988144128
"V1279",1,0,1149,13267509362202728448
"V1280",0,0,1149,13267509362202728448
"V1281",0,0,1149,13267509362202728448
"V1282",1,0,1148,25776889670807916544
"V1283",0,0,1148,25776889670807916544
"V1284",0,0,1148,25776889670807916544
"V1285",0,0,1148,25776889670807916544
"V1286",0,0,1148,25776889670807916544
"V1287",1,7202348535646560256,1147,18574541135161356288
"V1288",0,0,1147,18574541135161356288
"V1289",0,0,1147,18574541135161356288
"V1290",1,0,1146,22948465879396900864
"V1291",0,0,1146,22948465879396900864
"V1292",1,0,1145,25929173980020400128
"V1293",0,0,1145,25929173980020400128
"V1294",0,0,1145,25929173980020400128
"V1295",1,14100166962605103104,1144,11829007017415297024
"V1296",1,0,1143,19251036769944064000
"V1297",0,0,1143,19251036769944064000
"V1298",0,0,1143,19251036769944064000
"V1299",0,0,1143,19251036769944064000
"V1300",0,0,1143,19251036769944064000
"V1301",0,0,1143,19251036769944064000
"V1302",0,0,1143,19251036769944064000
"V1303",0,0,1143,19251036769944064000
"V1304",0,0,1143,19251036769944064000
"V1305",0,0,1143,19251036769944064000
"V1306",1,0,1142,20960368653664251904
"V1307",1,4419014931484499968,1141,16541353722179751936
"V1308",0,0,1141,16541353722179751936
"V1309",0,0,1141,16541353722179751936
"V1310",0,0,1141,16541353722179751936
"V1311",0,0,1141,16541353722179751936
"V1312",1,1371537256894431232,1140,15169816465285320704
"V1313",1,3452171690885830656,1139,11717644774399490048
"V1314",0,0,1139,11717644774399490048
"V1315",0,0,1139,11717644774399490048
"V1316",0,0,1139,11717644774399490048
"V1317",1,0,1138,2.9257051195379e+19
"V1318",0,0,1138,2.9257051195379e+19
"V1319",0,0,1138,2.9257051195379e+19
"V1320",0,0,1138,2.9257051195379e+19
"V1321",0,0,1138,2.9257051195379e+19
"V1322",1,15622860070367125504,1137,13634191125011914752
"V1323",0,0,1137,13634191125011914752
"V1324",0,0,1137,13634191125011914752
"V1325",0,0,1137,13634191125011914752
"V1326",1,3624047577878968320,1136,10010143547132946432
"V1327",1,0,1135,19698696715607531520
"V1328",1,0,1134,25227085822609752064
"V1329",0,0,1134,25227085822609752064
"V1330",0,0,1134,25227085822609752064
"V1331",0,0,1134,25227085822609752064
"V1332",0,0,1134,25227085822609752064
"V1333",0,0,1134,25227085822609752064
"V1334",1,6728307247494283264,1133,18498778575115468800
"V1335",0,0,1133,18498778575115468800
"V1336",1,0,1132,19244849758779318272
"V1337",0,0,1132,19244849758779318272
"V1338",0,0,1132,19244849758779318272
"V1339",1,0,1131,32810604694039846912
"V1340",0,0,1131,32810604694039846912
"V1341",0,0,1131,32810604694039846912
"V1342",0,0,1131,32810604694039846912
"V1343",0,0,1131,32810604694039846912
"V1344",0,0,1131,32810604694039846912
"V1345",1,8626730274755485696,1130,24183874419284361216
"V1346",1,7727699462240243712,1129,16456174957044117504
"V1347",0,0,1129,16456174957044117504
"V1348",0,0,1129,16456174957044117504
"V1349",1,0,1128,18240091620357281792
"V1350",0,0,1128,18240091620357281792
"V1351",0,0,1128,18240091620357281792
"V1352",0,0,1128,18240091620357281792
"V1353",0,0,1128,18240091620357281792
"V1354",1,1715557441235056640,1127,16524534179122225152
"V1355",0,0,1127,16524534179122225152
"V1356",0,0,1127,16524534179122225152
"V1357",0,0,1127,16524534179122225152
"V1358",0,0,1127,16524534179122225152
"V1359",0,0,1127,16524534179122225152
"V1360",1,5618208749449877504,1126,10906325429672347648
"V1361",1,0,1125,13238224984909641728
"V1362",1,4726315187615579136,1124,8511909797294062592
"V1363",0,0,1124,8511909797294062592
"V1364",1,0,1123,11873243152041515008
"V1365",0,0,1123,11873243152041515008
"V1366",1,0,1122,39048955919520112640
"V1367",1,16965756124169613312,1121,22083199795350499328
"V1368",0,0,1121,22083199795350499328
"V1369",0,0,1121,22083199795350499328
"V1370",1,7118381260710090752,1120,14964818534640408576
"V1371",0,0,1120,14964818534640408576
"V1372",0,0,1120,14964818534640408576
"V1373",0,0,1120,14964818534640408576
"V1374",1,0,1119,28542065952097644544
"V1375",0,0,1119,28542065952097644544
"V1376",1,0,1118,34231637247407382528
"V1377",0,0,1118,34231637247407382528
"V1378",1,9179928751125082112,1117,25051708496282300416
"V1379",1,9761593365648480256,1116,15290115130633820160
"V1380",1,0,1115,16799993689925738496
"V1381",0,0,1115,16799993689925738496
"V1382",0,0,1115,16799993689925738496
"V1383",0,0,1115,16799993689925738496
"V1384",0,0,1115,16799993689925738496
"V1385",0,0,1115,16799993689925738496
"V1386",1,0,1114,1.8141310457514e+19
"V1387",1,0,1113,21277244199032135680
"V1388",0,0,1113,21277244199032135680
"V1389",1,0,1112,25979970047651213312
"V1390",0,0,1112,25979970047651213312
"V1391",0,0,1112,25979970047651213312
"V1392",1,8824123930677956608,1111,17155846116973256704
"V1393",0,0,1111,17155846116973256704
"V1394",1,1687925819696398336,1110,15467920297276858368
"V1395",0,0,1110,15467920297276858368
"V1396",0,0,1110,15467920297276858368
"V1397",0,0,1110,15467920297276858368
"V1398",0,0,1110,15467920297276858368
"V1399",0,0,1110,15467920297276858368
"V1400",0,0,1110,15467920297276858368
"V1401",0,0,1110,15467920297276858368
"V1402",1,0,1109,32608362729436254208
"V1403",1,0,1108,32980636767696130048
"V1404",1,14690188302653102080,1107,1.8290448465043e+19
"V1405",0,0,1107,1.8290448465043e+19
"V1406",0,0,1107,1.8290448465043e+19
"V1407",0,0,1107,1.8290448465043e+19
"V1408",0,0,1107,1.8290448465043e+19
"V1409",0,0,1107,1.8290448465043e+19
"V1410",0,0,1107,1.8290448465043e+19
"V1411",0,0,1107,1.8290448465043e+19
"V1412",1,750857414878384128,1106,17539591050164643840
"V1413",1,5770035916275316736,1105,11769555133889327104
"V1414",1,46427281376933888,1104,11723127852512393216
"V1415",1,0,1103,14821822445211322368
"V1416",1,0,1102,19373132184106577920
"V1417",1,12251016676037578752,1101,7.122115508069e+18
"V1418",1,0,1100,9435506127861248000
"V1419",0,0,1100,9435506127861248000
"V1420",1,0,1099,16775880246848548864
"V1421",1,0,1098,23177698665708802048
"V1422",1,7120229410918430720,1097,16057469254790371328
"V1423",1,0,1096,18659290265998454784
"V1424",1,4893759458961106944,1095,13765530807037347840
"V1425",0,0,1095,13765530807037347840
"V1426",0,0,1095,13765530807037347840
"V1427",1,0,1094,23163163185616269312
"V1428",0,0,1094,23163163185616269312
"V1429",0,0,1094,23163163185616269312
"V1430",0,0,1094,23163163185616269312
"V1431",1,3508752306385817600,1093,19654410879230451712
"V1432",1,10538611607745597440,1092,9115799271484853248
"V1433",1,0,1091,10334455658610448384
"V1434",1,2285336174893497344,1090,8049119483716951040
"V1435",1,0,1089,24699109537463336960
"V1436",0,0,1089,24699109537463336960
"V1437",1,5982414906309976064,1088,18716694631153360896
"V1438",0,0,1088,18716694631153360896
"V1439",0,0,1088,18716694631153360896
"V1440",0,0,1088,18716694631153360896
"V1441",0,0,1088,18716694631153360896
"V1442",1,7735176931229521920,1087,10981517699923838976
"V1443",1,0,1086,27819866738889768960
"V1444",1,14610761661049495552,1085,13209105077840273408
"V1445",1,0,1084,13239823365758932992
"V1446",1,0,1083,17685548342444441600
"V1447",1,0,1082,21728823111220355072
"V1448",1,11667165305852821504,1081,10061657805367533568
"V1449",0,0,1081,10061657805367533568
"V1450",1,0,1080,12595310587468177408
"V1451",1,0,1079,13861419099386052608
"V1452",1,0,1078,17736333080694069248
"V1453",0,0,1078,17736333080694069248
"V1454",1,4862070237408131072,1077,12874262843285938176
"V1455",1,24494227310518272,1076,12849768615975419904
"V1456",1,588992844443869184,1075,12260775771531550720
"V1457",1,0,1074,26633230556754366464
"V1458",1,1485267308299472896,1073,25147963248454893568
"V1459",1,5593547759516823552,1072,19554415488938070016
"V1460",1,6456439063705835520,1071,13097976425232234496
"V1461",1,0,1070,16851438974567168000
"V1462",1,0,1069,44125853807365185536
"V1463",1,21194566978312937472,1068,22931286829052248064
"V1464",1,0,1067,23811219126882938880
"V1465",1,5107727792447893504,1066,1.8703491334435e+19
"V1466",1,5651338534812166144,1065,13052152799622879232
"V1467",1,0,1064,17869214630059388928
"V1468",1,0,1063,23916748553345282048
"V1469",1,12862080551790821376,1062,11054668001554460672
"V1470",1,0,1061,23440606911166369792
"V1471",1,617150320647921664,1060,22823456590518448128
"V1472",0,0,1060,22823456590518448128
"V1473",1,7250787963169660928,1059,15572668627348787200
"V1474",1,7694223184054213632,1058,7878445443294573568
"V1475",1,0,1057,14272184597466572800
"V1476",1,1219426163663210496,1056,13052758433803362304
"V1477",1,0,1055,15461037660013694976
"V1478",1,0,1054,17759645601233795072
"V1479",1,3265719061533216768,1053,14493926539700578304
"V1480",1,2223207110918498304,1052,12270719428782080000
"V1481",1,0,1051,14170112758096326656
"V1482",1,2157349497984774144,1050,12012763260111552512
"V1483",1,0,1049,14443669447761061888
"V1484",1,714468446284742656,1048,13729201001476319232
"V1485",1,0,1047,14759389110692089856
"V1486",1,0,1046,29604879675017175040
"V1487",1,10756275698976194560,1045,1.8848603976041e+19
"V1488",1,11420697420612341760,1044,7427906555428638720
"V1489",0,0,1044,7427906555428638720
"V1490",1,0,1043,10084669753245220864
"V1491",0,0,1043,10084669753245220864
"V1492",1,0,1042,16507021177918586880
"V1493",1,3198514683038070784,1041,13308506494880516096
"V1494",1,0,1040,13677646613572544512
"V1495",1,0,1039,16380984450927837184
"V1496",1,0,1038,17753201715195092992
"V1497",1,5921704971749603328,1037,11831496743445489664
"V1498",1,449419158819887104,1036,11382077584625602560
"V1499",1,0,1035,16912032755780075520
"V1500",1,0,1034,19101839922761900032
"V1501",1,0,1033,20585266369552183296
"V1502",1,0,1032,24152880421104939008
"V1503",0,0,1032,24152880421104939008
"V1504",0,0,1032,24152880421104939008
"V1505",1,0,1031,25155452264670199808
"V1506",1,0,1030,26779415796482330624
"V1507",1,0,1029,27093836757837352960
"V1508",0,0,1029,27093836757837352960
"V1509",0,0,1029,27093836757837352960
"V1510",0,0,1029,27093836757837352960
"V1511",1,5845739170660859904,1028,21248097587176493056
"V1512",1,0,1027,25482310137617092608
"V1513",0,0,1027,25482310137617092608
"V1514",1,9616235439472285696,1026,15866074698144806912
"V1515",0,0,1026,15866074698144806912
"V1516",0,0,1026,15866074698144806912
"V1517",1,1427958932647081984,1025,14438115765497724928
"V1518",0,0,1025,14438115765497724928
"V1519",1,4394814265949765632,1024,1.0043301499548e+19
"V1520",0,0,1024,1.0043301499548e+19
"V1521",0,0,1024,1.0043301499548e+19
"V1522",0,0,1024,1.0043301499548e+19
"V1523",0,0,1024,1.0043301499548e+19
"V1524",1,0,1023,21624012593654161408
"V1525",1,0,1022,25053525701163311104
"V1526",1,5474162740218302464,1021,1.9579362960945e+19
"V1527",1,638368376638730240,1020,18940994584306278400
"V1528",1,0,1019,19951270286562787328
"V1529",0,0,1019,19951270286562787328
"V1530",1,0,1018,21836594793302724608
"V1531",0,0,1018,21836594793302724608
"V1532",1,9928253140778291200,1017,11908341652524433408
"V1533",0,0,1017,11908341652524433408
"V1534",1,0,1016,1.3136052495518e+19
"V1535",1,0,1015,13610074244038725632
"V1536",1,0,1014,15873787189291735040
"V1537",1,0,1013,16354092948019701760
"V1538",0,0,1013,16354092948019701760
"V1539",1,4505748276365451264,1012,11848344671654250496
"V1540",1,0,1011,12399642428792346624
"V1541",1,2799499286495574016,1010,9600143142296772608
"V1542",1,0,1009,1.0342774686649e+19
"V1543",1,0,1008,11351249989293907968
"V1544",1,0,1007,12312569369665234944
"V1545",1,4424527383958018048,1006,7888041985707216896
"V1546",1,0,1005,10649081210757584896
"V1547",1,3881724558979964928,1004,6767356651777619968
"V1548",0,0,1004,6767356651777619968
"V1549",1,0,1003,7161143217369794560
"V1550",1,0,1002,10763643822253084672
"V1551",1,0,1001,16366964903056195584
"V1552",1,8258617213934326784,1000,8108347689121868800
"V1553",1,0,999,10833442593768263680
"V1554",1,0,998,31947396542279221248
"V1555",1,8917541017171410944,997,23029855525107810304
"V1556",0,0,997,23029855525107810304
"V1557",0,0,997,23029855525107810304
"V1558",0,0,997,23029855525107810304
"V1559",0,0,997,23029855525107810304
"V1560",0,0,997,23029855525107810304
"V1561",1,12634164060418351104,996,10395691464689459200
"V1562",0,0,996,10395691464689459200
"V1563",0,0,996,10395691464689459200
"V1564",0,0,996,10395691464689459200
"V1565",0,0,996,10395691464689459200
"V1566",1,0,995,11512353549514907648
"V1567",1,0,994,1.1666184478889e+19
"V1568",0,0,994,1.1666184478889e+19
"V1569",1,497546451552724992,993,11168638027336292352
"V1570",0,0,993,11168638027336292352
"V1571",1,2493215745099725824,992,8675422282236566528
"V1572",0,0,992,8675422282236566528
"V1573",0,0,992,8675422282236566528
"V1574",0,0,992,8675422282236566528
"V1575",0,0,992,8675422282236566528
"V1576",1,0,991,9342690611423459328
"V1577",1,0,990,11393548308588105728
"V1578",0,0,990,11393548308588105728
"V1579",0,0,990,11393548308588105728
"V1580",0,0,990,11393548308588105728
"V1581",0,0,990,11393548308588105728
"V1582",0,0,990,11393548308588105728
"V1583",0,0,990,11393548308588105728
"V1584",0,0,990,11393548308588105728
"V1585",0,0,990,11393548308588105728
"V1586",0,0,990,11393548308588105728
"V1587",1,1135436332003670016,989,10258111976584435712
"V1588",0,0,989,10258111976584435712
"V1589",1,0,988,34013166659383152640
"V1590",1,28423600532697710592,987,5589566126685444096
"V1591",1,0,986,12518644698068473856
"V1592",0,0,986,12518644698068473856
"V1593",0,0,986,12518644698068473856
"V1594",0,0,986,12518644698068473856
"V1595",0,0,986,12518644698068473856
"V1596",0,0,986,12518644698068473856
"V1597",0,0,986,12518644698068473856
"V1598",0,0,986,12518644698068473856
"V1599",1,0,985,2.021801282656e+19
"V1600",0,0,985,2.021801282656e+19
"V1601",0,0,985,2.021801282656e+19
"V1602",1,7668406662250289152,984,12549606164309694464
"V1603",0,0,984,12549606164309694464
"V1604",0,0,984,12549606164309694464
"V1605",0,0,984,12549606164309694464
"V1606",0,0,984,12549606164309694464
"V1607",1,5185853005525322752,983,7363753158784371712
"V1608",1,0,982,10934742885291780096
"V1609",0,0,982,10934742885291780096
"V1610",0,0,982,10934742885291780096
"V1611",0,0,982,10934742885291780096
"V1612",0,0,982,10934742885291780096
"V1613",0,0,982,10934742885291780096
"V1614",0,0,982,10934742885291780096
"V1615",0,0,982,10934742885291780096
"V1616",1,1798938153722791936,981,9135804731568988160
"V1617",0,0,981,9135804731568988160
"V1618",0,0,981,9135804731568988160
"V1619",0,0,981,9135804731568988160
"V1620",0,0,981,9135804731568988160
"V1621",0,0,981,9135804731568988160
"V1622",0,0,981,9135804731568988160
"V1623",0,0,981,9135804731568988160
"V1624",0,0,981,9135804731568988160
"V1625",0,0,981,9135804731568988160
"V1626",0,0,981,9135804731568988160
"V1627",0,0,981,9135804731568988160
"V1628",1,472855546714638336,980,8662949184854349824
"V1629",0,0,980,8662949184854349824
"V1630",0,0,980,8662949184854349824
"V1631",0,0,980,8662949184854349824
"V1632",0,0,980,8662949184854349824
"V1633",0,0,980,8662949184854349824
"V1634",0,0,980,8662949184854349824
"V1635",0,0,980,8662949184854349824
"V1636",0,0,980,8662949184854349824
"V1637",0,0,980,8662949184854349824
"V1638",0,0,980,8662949184854349824
"V1639",0,0,980,8662949184854349824
"V1640",0,0,980,8662949184854349824
"V1641",0,0,980,8662949184854349824
"V1642",0,0,980,8662949184854349824
"V1643",0,0,980,8662949184854349824
"V1644",0,0,980,8662949184854349824
"V1645",0,0,980,8662949184854349824
"V1646",0,0,980,8662949184854349824
"V1647",0,0,980,8662949184854349824
"V1648",0,0,980,8662949184854349824
"V1649",0,0,980,8662949184854349824
"V1650",1,8352846328777728,979,8654596338525572096
"V1651",1,0,978,8670954028872067072
"V1652",1,0,977,1.356957434522e+19
"V1653",0,0,977,1.356957434522e+19
"V1654",1,0,976,25549196555607408640
"V1655",0,0,976,25549196555607408640
"V1656",1,9896898251720144896,975,15652298303887263744
"V1657",0,0,975,15652298303887263744
"V1658",0,0,975,15652298303887263744
"V1659",1,0,974,15848772778722787328
"V1660",0,0,974,15848772778722787328
"V1661",1,9412656107892326400,973,6436116670830459904
"V1662",0,0,973,6436116670830459904
"V1663",0,0,973,6436116670830459904
"V1664",1,0,972,13912206751156314112
"V1665",1,4682405973067452416,971,9229800778088861696
"V1666",1,0,970,10388424610679609344
"V1667",0,0,970,10388424610679609344
"V1668",1,0,969,13647021124945242112
"V1669",1,2186206395048589312,968,11460814729896652800
"V1670",1,0,967,13999618965666224128
"V1671",0,0,967,13999618965666224128
"V1672",0,0,967,13999618965666224128
"V1673",1,849013826767134720,966,13150605138899089408
"V1674",1,4353645900751290368,965,8796959238147799040
"V1675",0,0,965,8796959238147799040
"V1676",1,0,964,1.4600315075132e+19
"V1677",1,0,963,31651875666071666688
"V1678",1,1.807668378318e+19,962,13575191882891694080
"V1679",1,0,961,17343864433179656192
"V1680",0,0,961,17343864433179656192
"V1681",0,0,961,17343864433179656192
"V1682",1,9725546270807519232,960,7618318162372136960
"V1683",1,2900177642994850816,959,4718140519377286144
"V1684",0,0,959,4718140519377286144
"V1685",1,0,958,11356136700180328448
"V1686",0,0,958,11356136700180328448
"V1687",1,4021115395262882816,957,7335021304917445632
"V1688",1,339274668584317952,956,6995746636333127680
"V1689",0,0,956,6995746636333127680
"V1690",0,0,956,6995746636333127680
"V1691",1,0,955,7380431433745203200
"V1692",1,0,954,7813534795866552320
"V1693",0,0,954,7813534795866552320
"V1694",0,0,954,7813534795866552320
"V1695",0,0,954,7813534795866552320
"V1696",1,2954541996790465536,953,4858992799076086784
"V1697",0,0,953,4858992799076086784
"V1698",0,0,953,4858992799076086784
"V1699",0,0,953,4858992799076086784
"V1700",0,0,953,4858992799076086784
"V1701",1,0,952,2.2410413063101e+19
"V1702",0,0,952,2.2410413063101e+19
"V1703",1,16555582545394352128,951,5854830517706640384
"V1704",1,1.220861991324e+18,950,4633968526382637056
"V1705",1,0,949,1.4958066888578e+19
"V1706",1,7088810868419616768,948,7869256020158341120
"V1707",1,0,947,17525482594203062272
"V1708",1,9469986536037361664,946,8055496058165700608
"V1709",1,0,945,8948861762954749952
"V1710",0,0,945,8948861762954749952
"V1711",0,0,945,8948861762954749952
"V1712",1,0,944,13908536449054539776
"V1713",0,0,944,13908536449054539776
"V1714",1,5173159075493015552,943,8735377373561524224
"V1715",1,0,942,12454757085247901696
"V1716",1,1374740721755516928,941,11080016363492384768
"V1717",1,1484927801222017024,940,9595088562270367744
"V1718",1,4221559154190743552,939,5373529408079624192
"V1719",1,297934813469391872,938,5075594594610232320
"V1720",1,0,937,10689486695418181632
"V1721",1,0,936,26250641095841714176
"V1722",1,15602435962950100992,935,10648205132891613184
"V1723",1,0,934,1.1845855374145e+19
"V1724",1,0,933,1.3513988808299e+19
"V1725",1,8784200728115732480,932,4729788080183271424
"V1726",1,0,931,8755470622937165824
"V1727",1,1876018915240543232,930,6879451707696622592
"V1728",1,0,929,12602776261110067200
"V1729",1,7416388467692089344,928,5186387793417977856
"V1730",1,0,927,6911555600118657024
"V1731",0,0,927,6911555600118657024
"V1732",0,0,927,6911555600118657024
"V1733",0,0,927,6911555600118657024
"V1734",0,0,927,6911555600118657024
"V1735",0,0,927,6911555600118657024
"V1736",0,0,927,6911555600118657024
"V1737",0,0,927,6911555600118657024
"V1738",1,0,926,1.2492590995234e+19
"V1739",0,0,926,1.2492590995234e+19
"V1740",1,5671396901782872064,925,6821194093451165696
"V1741",0,0,925,6821194093451165696
"V1742",1,0,924,26054305020561526784
"V1743",0,0,924,26054305020561526784
"V1744",1,19223473768983060480,923,6830831251578466304
"V1745",0,0,923,6830831251578466304
"V1746",0,0,923,6830831251578466304
"V1747",0,0,923,6830831251578466304
"V1748",0,0,923,6830831251578466304
"V1749",0,0,923,6830831251578466304
"V1750",1,0,922,8350330924925077504
"V1751",0,0,922,8350330924925077504
"V1752",1,2005723289795375104,921,6344607635129702400
"V1753",1,1422605250526983168,920,4922002384602719232
"V1754",1,0,919,17033602447006863360
"V1755",0,0,919,17033602447006863360
"V1756",0,0,919,17033602447006863360
"V1757",0,0,919,17033602447006863360
"V1758",0,0,919,17033602447006863360
"V1759",1,9233804869081346048,918,7799797577925517312
"V1760",1,0,917,26349475616199520256
"V1761",0,0,917,26349475616199520256
"V1762",1,7649984349821505536,916,1.8699491266378e+19
"V1763",1,64651880806694912,915,18634839385571319808
"V1764",1,12976236348452888576,914,5658603037118432256
"V1765",1,0,913,9793711928444526592
"V1766",0,0,913,9793711928444526592
"V1767",0,0,913,9793711928444526592
"V1768",1,0,912,11287325835488841728
"V1769",1,0,911,13386883003302707200
"V1770",1,6731902543551642624,910,6654980459751064576
"V1771",1,0,909,10435086519493181440
"V1772",1,2225660661439310848,908,8209425858053870592
"V1773",1,0,907,11307922946607495168
"V1774",1,4857746101756739584,906,6450176844850755584
"V1775",1,0,905,14749309057605851136
"V1776",1,8399042017756650496,904,6350267039849200640
"V1777",1,760812035049865216,903,5589455004799335424
"V1778",1,787157572604348416,902,4802297432194987008
"V1779",1,0,901,22278001474232766464
"V1780",0,0,901,22278001474232766464
"V1781",1,0,900,32982415803452776448
"V1782",0,0,900,32982415803452776448
"V1783",1,20387085697167671296,899,12595330106285105152
"V1784",0,0,899,12595330106285105152
"V1785",0,0,899,12595330106285105152
"V1786",1,4612931239775302656,898,7982398866509802496
"V1787",1,0,897,22964526487161327616
"V1788",0,0,897,22964526487161327616
"V1789",1,7704010731815467008,896,15260515755345860608
"V1790",0,0,896,15260515755345860608
"V1791",0,0,896,15260515755345860608
"V1792",0,0,896,15260515755345860608
"V1793",1,0,895,22639977009688801280
"V1794",1,12905783600097335296,894,9734193409591465984
"V1795",0,0,894,9734193409591465984
"V1796",0,0,894,9734193409591465984
"V1797",1,0,893,12553116051206133760
"V1798",0,0,893,12553116051206133760
"V1799",0,0,893,12553116051206133760
"V1800",0,0,893,12553116051206133760
"V1801",1,0,892,13293462004526460928
"V1802",0,0,892,13293462004526460928
"V1803",1,0,891,22047233339864887296
"V1804",1,10815167495270803456,890,11232065844594083840
"V1805",0,0,890,11232065844594083840
"V1806",0,0,890,11232065844594083840
"V1807",0,0,890,11232065844594083840
"V1808",0,0,890,11232065844594083840
"V1809",1,2013110265079827456,889,9218955579514256384
"V1810",1,4562133323223309312,888,4656822256290947072
"V1811",1,0,887,9652313577286260736
"V1812",1,4670545464610214912,886,4981768112676045824
"V1813",1,0,885,7344107881118220288
"V1814",1,2741012845186576384,884,4603095035931643904
"V1815",0,0,884,4603095035931643904
"V1816",1,27723323124545024,883,4575371712807098880
"V1817",0,0,883,4575371712807098880
"V1818",1,0,882,12284224570075363328
"V1819",1,6550238833655927808,881,5733985736419435520
"V1820",1,0,880,8785538585334180864
"V1821",1,3647532454846172160,879,5138006130488008704
"V1822",0,0,879,5138006130488008704
"V1823",1,0,878,19411768034799312896
"V1824",0,0,878,19411768034799312896
"V1825",1,14101908963082596352,877,5309859071716716544
"V1826",1,1485094532409622528,876,3824764539307094016
"V1827",1,0,875,7706674688162545664
"V1828",0,0,875,7706674688162545664
"V1829",0,0,875,7706674688162545664
"V1830",1,2554210150562229248,874,5152464537600316416
"V1831",0,0,874,5152464537600316416
"V1832",0,0,874,5152464537600316416
"V1833",0,0,874,5152464537600316416
"V1834",0,0,874,5152464537600316416
"V1835",1,683874034486711808,873,4468590503113604608
"V1836",0,0,873,4468590503113604608
"V1837",0,0,873,4468590503113604608
"V1838",1,0,872,5304383329413849088
"V1839",1,0,871,8785578780954047488
"V1840",1,5259643545724577792,870,3525935235229469184
"V1841",1,0,869,5469273574671832064
"V1842",1,1923076400546025472,868,3546197174125806592
"V1843",1,0,867,4462266185225924096
"V1844",0,0,867,4462266185225924096
"V1845",1,0,866,5025654131642792960
"V1846",0,0,866,5025654131642792960
"V1847",1,1324693907150619136,865,3700960224492173824
"V1848",1,0,864,6462702606389455872
"V1849",1,2723267288212843008,863,3739435318176612864
"V1850",1,0,862,5568197970466542592
"V1851",1,2147652210924093952,861,3420545759542448640
"V1852",1,0,860,3708405569794672640
"V1853",1,0,859,7124803814899746816
"V1854",1,634919098475699200,858,6489884716424047616
"V1855",0,0,858,6489884716424047616
"V1856",1,0,857,13011894292823609344
"V1857",1,0,856,15793019801100441600
"V1858",0,0,856,15793019801100441600
"V1859",1,10559726371424587776,855,5233293429675852800
"V1860",0,0,855,5233293429675852800
"V1861",1,0,854,13477229300835942400
"V1862",1,0,853,13953422959923687424
"V1863",0,0,853,13953422959923687424
"V1864",1,10264815046084407296,852,3688607913839279104
"V1865",1,0,851,3952043461199527936
"V1866",1,13470994920448,850,3952029990204607488
"V1867",1,0,849,6387259744246112256
"V1868",1,5432753933180634112,848,954505811065477760
"V1869",1,0,847,6246351055171490816
"V1870",1,2873881838632448512,846,3372469216539042304
"V1871",1,1504304907797900544,845,1868164308741141760
"V1872",0,0,845,1868164308741141760
"V1873",0,0,845,1868164308741141760
"V1874",1,0,844,2222423167383990784
"V1875",1,797530601502866176,843,1424892565881124608
"V1876",0,0,843,1424892565881124608
"V1877",1,611621848815603840,842,813270717065520768
"V1878",1,0,841,1413117087971968512
"V1879",1,852864558308511488,840,560252529663457088
"V1880",0,0,840,560252529663457088
"V1881",1,159539691794440192,839,400712837869016896
"V1882",0,0,839,400712837869016896
"V1883",1,46360386963347520,838,354352450905669376
"V1884",1,295834907200263552,837,58517543705405792
"V1885",1,0,836,71661330369554832
"V1886",1,0,835,222165695474833504
"V1887",1,0,834,299985314912354176
"V1888",0,0,834,299985314912354176
"V1889",0,0,834,299985314912354176
"V1890",1,292766250958793024,833,7219063953561154
"V1891",1,0,832,147540317649303392
"V1892",1,138538165040349760,831,9002152608953639
"V1893",1,0,830,13188246968061706
"V1894",1,0,829,68606036403777672
"V1895",1,26558073607862360,828,42047962795915312
"V1896",1,0,827,50169865065003152
"V1897",1,0,826,373186416457442560
"V1898",0,0,826,373186416457442560
"V1899",1,105266104718884928,825,267920311738557632
"V1900",0,0,825,267920311738557632
"V1901",0,0,825,267920311738557632
"V1902",1,105986763078995168,824,161933548659562464
"V1903",1,0,823,315080350367222464
"V1904",1,0,822,753816319050488704
"V1905",0,0,822,753816319050488704
"V1906",1,0,821,964594896484362752
"V1907",1,0,820,1637523198541177600
"V1908",1,0,819,3810289246490933248
"V1909",1,115133768274482176,818,3695155478216451072
"V1910",1,1027167213509878272,817,2667988264706572800
"V1911",1,2618911083308938240,816,49077181397634808
"V1912",0,0,816,49077181397634808
"V1913",1,48315333318016264,815,761848079618546
"V1914",0,0,815,761848079618546
"V1915",1,592146279179926,814,169701800438621
"V1916",1,0,813,120536464971608448
"V1917",1,87286398488368256,812,33250066483240184
"V1918",0,0,812,33250066483240184
"V1919",1,23333079305138384,811,9916987178101802
"V1920",0,0,811,9916987178101802
"V1921",1,9655031946582196,810,261955231519606
"V1922",0,0,810,261955231519606
"V1923",0,0,810,261955231519606
"V1924",1,0,809,9734189660034052
"V1925",0,0,809,9734189660034052
"V1926",0,0,809,9734189660034052
"V1927",0,0,809,9734189660034052
"V1928",0,0,809,9734189660034052
"V1929",0,0,809,9734189660034052
"V1930",0,0,809,9734189660034052
"V1931",0,0,809,9734189660034052
"V1932",0,0,809,9734189660034052
"V1933",0,0,809,9734189660034052
"V1934",1,9634097385227870,808,100092274806181
"V1935",0,0,808,100092274806181
"V1936",0,0,808,100092274806181
"V1937",0,0,808,100092274806181
"V1938",0,0,808,100092274806181
"V1939",0,0,808,100092274806181
"V1940",1,0,807,48020824988397632
"V1941",0,0,807,48020824988397632
"V1942",0,0,807,48020824988397632
"V1943",0,0,807,48020824988397632
"V1944",0,0,807,48020824988397632
"V1945",0,0,807,48020824988397632
"V1946",0,0,807,48020824988397632
"V1947",0,0,807,48020824988397632
"V1948",0,0,807,48020824988397632
"V1949",1,0,806,83995641306465712
"V1950",0,0,806,83995641306465712
"V1951",0,0,806,83995641306465712
"V1952",1,0,805,1809470401262232064
"V1953",0,0,805,1809470401262232064
"V1954",0,0,805,1809470401262232064
"V1955",0,0,805,1809470401262232064
"V1956",0,0,805,1809470401262232064
"V1957",0,0,805,1809470401262232064
"V1958",0,0,805,1809470401262232064
"V1959",1,780235636974890240,804,1029234764287341824
"V1960",0,0,804,1029234764287341824
"V1961",1,616700857366576256,803,412533906920765568
"V1962",1,0,802,727482416744142848
"V1963",1,0,801,2877718170191720960
"V1964",1,2011805905916622848,800,865912264275097984
"V1965",0,0,800,865912264275097984
"V1966",1,474954925817541952,799,390957338457556032
"V1967",1,0,798,553789586201886592
"V1968",0,0,798,553789586201886592
"V1969",0,0,798,553789586201886592
"V1970",0,0,798,553789586201886592
"V1971",0,0,798,553789586201886592
"V1972",0,0,798,553789586201886592
"V1973",0,0,798,553789586201886592
"V1974",0,0,798,553789586201886592
"V1975",0,0,798,553789586201886592
"V1976",0,0,798,553789586201886592
"V1977",1,236679281432722304,797,317110304769164288
"V1978",1,0,796,493298650328337088
"V1979",1,0,795,6323236558694993920
"V1980",1,3086849034833242112,794,3236387523861751808
"V1981",1,0,793,3891815114298221056
"V1982",0,0,793,3891815114298221056
"V1983",0,0,793,3891815114298221056
"V1984",0,0,793,3891815114298221056
"V1985",0,0,793,3891815114298221056
"V1986",0,0,793,3891815114298221056
"V1987",0,0,793,3891815114298221056
"V1988",1,0,792,4666130324752721920
"V1989",1,0,791,6534799165350820864
"V1990",1,2654295328573428224,790,3880503836777392640
"V1991",0,0,790,3880503836777392640
"V1992",0,0,790,3880503836777392640
"V1993",1,1093666927441335296,789,2786836909336057344
"V1994",0,0,789,2786836909336057344
"V1995",0,0,789,2786836909336057344
"V1996",0,0,789,2786836909336057344
"V1997",0,0,789,2786836909336057344
"V1998",1,0,788,4843492656682646528
"V1999",1,941080176994884096,787,3902412479687762432
"V2000",1,0,786,4465303739268283904
"V2001",1,1376552193266857472,785,3088751546001426432
"V2002",0,0,785,3088751546001426432
"V2003",0,0,785,3088751546001426432
"V2004",0,0,785,3088751546001426432
"V2005",0,0,785,3088751546001426432
"V2006",0,0,785,3088751546001426432
"V2007",1,1246349733485035008,784,1842401812516391424
"V2008",0,0,784,1842401812516391424
"V2009",0,0,784,1842401812516391424
"V2010",0,0,784,1842401812516391424
"V2011",1,0,783,4471265829793461760
"V2012",0,0,783,4471265829793461760
"V2013",0,0,783,4471265829793461760
"V2014",0,0,783,4471265829793461760
"V2015",0,0,783,4471265829793461760
"V2016",0,0,783,4471265829793461760
"V2017",0,0,783,4471265829793461760
"V2018",0,0,783,4471265829793461760
"V2019",0,0,783,4471265829793461760
"V2020",0,0,783,4471265829793461760
"V2021",1,0,782,8787654011381766144
"V2022",0,0,782,8787654011381766144
"V2023",0,0,782,8787654011381766144
"V2024",1,513305028666889216,781,8274348982714876928
"V2025",0,0,781,8274348982714876928
"V2026",1,1264781869076249600,780,7009567113638627328
"V2027",0,0,780,7009567113638627328
"V2028",0,0,780,7009567113638627328
"V2029",0,0,780,7009567113638627328
"V2030",0,0,780,7009567113638627328
"V2031",0,0,780,7009567113638627328
"V2032",0,0,780,7009567113638627328
"V2033",1,0,779,11027051258229190656
"V2034",0,0,779,11027051258229190656
"V2035",0,0,779,11027051258229190656
"V2036",0,0,779,11027051258229190656
"V2037",0,0,779,11027051258229190656
"V2038",0,0,779,11027051258229190656
"V2039",1,5387970692724214784,778,5639080565504975872
"V2040",0,0,778,5639080565504975872
"V2041",0,0,778,5639080565504975872
"V2042",0,0,778,5639080565504975872
"V2043",0,0,778,5639080565504975872
"V2044",0,0,778,5639080565504975872
"V2045",0,0,778,5639080565504975872
"V2046",1,3229383618491417088,777,2409696947013558784
"V2047",1,0,776,2620671237987259392
"V2048",0,0,776,2620671237987259392
"V2049",1,0,775,7031872876515587072
"V2050",0,0,775,7031872876515587072
"V2051",0,0,775,7031872876515587072
"V2052",0,0,775,7031872876515587072
"V2053",1,1960555832000498688,774,5071317044515088384
"V2054",0,0,774,5071317044515088384
"V2055",0,0,774,5071317044515088384
"V2056",0,0,774,5071317044515088384
"V2057",0,0,774,5071317044515088384
"V2058",0,0,774,5071317044515088384
"V2059",0,0,774,5071317044515088384
"V2060",0,0,774,5071317044515088384
"V2061",0,0,774,5071317044515088384
"V2062",0,0,774,5071317044515088384
"V2063",0,0,774,5071317044515088384
"V2064",0,0,774,5071317044515088384
"V2065",0,0,774,5071317044515088384
"V2066",0,0,774,5071317044515088384
"V2067",0,0,774,5071317044515088384
"V2068",0,0,774,5071317044515088384
"V2069",0,0,774,5071317044515088384
"V2070",0,0,774,5071317044515088384
"V2071",0,0,774,5071317044515088384
"V2072",0,0,774,5071317044515088384
"V2073",0,0,774,5071317044515088384
"V2074",0,0,774,5071317044515088384
"V2075",0,0,774,5071317044515088384
"V2076",1,1104232763536522752,773,3967084280978565632
"V2077",0,0,773,3967084280978565632
"V2078",0,0,773,3967084280978565632
"V2079",0,0,773,3967084280978565632
"V2080",1,1440978216253132800,772,2526106064725432832
"V2081",1,0,771,2577744177734961664
"V2082",1,0,770,5759606625243008000
