"","Df","Deviance","Resid. Df","Resid. Dev"
"NULL",NA,NA,15977,440.156778069846
"acid_reflux",1,2.96781788383146,15976,437.188960186015
"acne_medication",1,38.6290079099422,15975,398.559952276072
"add_adhd",1,3.75673815007281,15974,394.803214125999
"age_cat",1,41.0487563858572,15973,353.754457740142
"age_corrected",1,11.924573479432,15972,341.82988426071
"age_years",1,3.93261475774938,15971,337.897269502961
"alcohol_consumption",1,8.02028593235059,15970,329.87698357061
"allergic_to_i_have_no_food_allergies_that_i_know_of",1,14.0879059483951,15969,315.789077622215
"allergic_to_other",1,26.037368509106,15968,289.751709113109
"allergic_to_peanuts",1,30.0326999349576,15967,259.719009178152
"allergic_to_shellfish",1,8.85194068564203,15966,250.86706849251
"allergic_to_tree_nuts",1,2.85170598876107,15965,248.015362503749
"allergic_to_unspecified",1,24.2288881490197,15964,223.786474354729
"alzheimers",1,0.348914052059428,15963,223.437560302669
"antibiotic_history",1,1.60293552653457e-07,15962,223.437560142376
"asd2",1,77.5725996526762,15961,145.8649604897
"assigned_from_geo",1,4.76770887312176,15960,141.097251616578
"autoimmune",1,0.733796110937249,15959,140.363455505641
"birth_year",1,0.00636387204232847,15958,140.357091633598
"bmi",1,0.000466762544078847,15957,140.356624871054
"bmi_cat",1,0.33459121005373,15956,140.022033661001
"bmi_corrected",1,0.216300515463729,15955,139.805733145537
"bowel_movement_frequency",1,0.0829239633391126,15954,139.722809182198
"bowel_movement_quality",1,1.99439862842021,15953,137.728410553777
"breastmilk_formula_ensure",1,0.318257625786515,15952,137.410152927991
"cancer",1,0.0534568013960381,15951,137.356696126595
"cardiovascular_disease",1,1.06660948302545,15950,136.290086643569
"cat",1,0.0974340677219914,15949,136.192652575847
"cdiff",1,1.40256244277441,15948,134.790090133073
"census_region",1,0.008936661095305,15947,134.781153471978
"chickenpox",1,0.0295956376909032,15946,134.751557834287
"clinical_condition",1,0.0653520281398414,15945,134.686205806147
"collection_date",0,0,15945,134.686205806147
"collection_month",1,0.00275171655505346,15944,134.683454089592
"collection_season",1,0.0153002454188709,15943,134.668153844173
"collection_timestamp",0,0,15943,134.668153844173
"consume_animal_products_abx",1,0.0878961985892488,15942,134.580257645584
"contraceptive",1,0.0360302526290752,15941,134.544227392955
"cosmetics_frequency",1,0.0319539454613107,15940,134.512273447493
"country",1,0.035419336556032,15939,134.476854110937
"country_of_birth",1,0.0249311533369223,15938,134.451922957601
"country_residence",1,0.0165787368715939,15937,134.435344220729
"csection",1,0.137057627587296,15936,134.298286593142
"deodorant_use",1,0.00563310202437606,15935,134.292653491117
"depression_bipolar_schizophrenia",1,0.0767638102424826,15934,134.215889680875
"description",0,0,15934,134.215889680875
"diabetes",1,0.0400789455710253,15933,134.175810735304
"diabetes_type",1,0.0289621731861303,15932,134.146848562118
"diet_type",1,0.0222270412953378,15931,134.124621520822
"dog",1,0.00206310415089206,15930,134.122558416671
"dominant_hand",1,0.055913693177331,15929,134.066644723494
"drinking_water_source",1,0.00914802739276865,15928,134.057496696101
"economic_region",1,0.0192020483495412,15927,134.038294647752
"elevation",1,0.00507064390933465,15926,134.033224003842
"epilepsy_or_seizure_disorder",1,0.0939373422222332,15925,133.93928666162
"exercise_frequency",1,0.0466670689605735,15924,133.89261959266
"exercise_location",1,0.000371290035531047,15923,133.892248302624
"fed_as_infant",1,0.175271802221857,15922,133.716976500402
"frozen_dessert_frequency",1,0.0802126691918659,15921,133.63676383121
"fruit_frequency",1,0.0175592740488639,15920,133.619204557161
"fungal_overgrowth",1,0.0282979322205108,15919,133.590906624941
"geo_loc_name",1,0.00474000143688613,15918,133.586166623504
"gluten",1,0.663753301383792,15917,132.92241332212
"height_cm",1,0.00103657194523521,15916,132.921376750175
"height_units",0,0,15916,132.921376750175
"high_fat_red_meat_frequency",1,0.430549485649493,15915,132.490827264526
"homecooked_meals_frequency",1,0.112548504350599,15914,132.378278760175
"ibd",1,0.000349223417060784,15913,132.377929536758
"ibd_diagnosis",1,0.00117321536993131,15912,132.376756321388
"ibd_diagnosis_refined",1,0.00201017849389018,15911,132.374746142894
"ibs",1,0.0145783869091929,15910,132.360167755985
"kidney_disease",1,0.801645393653672,15909,131.558522362331
"lactose",1,0.0127153763388037,15908,131.545806985992
"last_move",1,0.0730507043188595,15907,131.472756281674
"last_travel",1,0.0817908394789981,15906,131.390965442195
"latitude",1,0.0122513573226399,15905,131.378714084872
"level_of_education",1,0.00204886600232612,15904,131.37666521887
"liver_disease",1,0.455576277047356,15903,130.921088941822
"livingwith",1,0.016211010555395,15902,130.904877931267
"longitude",1,0.00016802349983891,15901,130.904709907767
"lowgrain_diet_type",1,0.0376334565305854,15900,130.867076451236
"lung_disease",1,0.000972621612703506,15899,130.866103829624
"meat_eggs_frequency",1,0.00102175491622347,15898,130.865082074707
"mental_illness",1,8.20190346644267e-05,15897,130.865000055673
"mental_illness_type_anorexia_nervosa",1,0.00763220387000274,15896,130.857367851803
"mental_illness_type_bipolar_disorder",1,0.0150892498834025,15895,130.842278601919
"mental_illness_type_bulimia_nervosa",1,0.0838501270164329,15894,130.758428474903
"mental_illness_type_depression",1,0.152235679829829,15893,130.606192795073
"mental_illness_type_ptsd_posttraumatic_stress_disorder",1,0.00679502953036604,15892,130.599397765543
"mental_illness_type_schizophrenia",1,2.52786329610899e-05,15891,130.59937248691
"mental_illness_type_substance_abuse",1,0.0402820470198435,15890,130.55909043989
"mental_illness_type_unspecified",1,0.138659332641708,15889,130.420431107248
"migraine",1,0.112465764564291,15888,130.307965342684
"milk_cheese_frequency",1,0.00437826808945374,15887,130.303587074595
"milk_substitute_frequency",1,0.00102112144003286,15886,130.302565953154
"multivitamin",1,0.057577554356925,15885,130.244988398798
"nail_biter",1,0.0936664289130533,15884,130.151321969885
"non_food_allergies_beestings",1,0.00994899250295589,15883,130.141372977382
"non_food_allergies_drug_eg_penicillin",1,0.00305559629998697,15882,130.138317381082
"non_food_allergies_pet_dander",1,8.07547849035473e-07,15881,130.138316573534
"non_food_allergies_poison_ivyoak",1,0.0458046809459631,15880,130.092511892588
"non_food_allergies_sun",1,0.00251416243534663,15879,130.089997730152
"non_food_allergies_unspecified",1,0.0121912775759938,15878,130.077806452576
"olive_oil",1,0.0180498387920238,15877,130.059756613784
"one_liter_of_water_a_day_frequency",1,0.0254191011615603,15876,130.034337512623
"other_supplement_frequency",1,0.0130373638214962,15875,130.021300148801
"pets_other",1,0.0288537194819014,15874,129.992446429319
"physical_specimen_location",0,0,15874,129.992446429319
"physical_specimen_remaining",0,0,15874,129.992446429319
"pku",1,0.00133355320107853,15873,129.991112876118
"pool_frequency",1,0.0120798787505407,15872,129.979032997368
"poultry_frequency",1,0.0306154386807975,15871,129.948417558687
"pregnant",1,0.0776592616475966,15870,129.870758297039
"prepared_meals_frequency",1,0.0175029446025121,15869,129.853255352437
"probiotic_frequency",1,0.167492478006949,15868,129.68576287443
"public",0,0,15868,129.68576287443
"qiita_study_id",0,0,15868,129.68576287443
"race",1,0.192837389893668,15867,129.492925484536
"ready_to_eat_meals_frequency",1,0.033734282835411,15866,129.459191201701
"red_meat_frequency",1,0.00229327641082477,15865,129.45689792529
"roommates",1,0.0904995821804562,15864,129.36639834311
"roommates_in_study",1,0.0272704858567181,15863,129.339127857253
"salted_snacks_frequency",1,0.322927173436796,15862,129.016200683816
"sample_type",1,0.00268503267827214,15861,129.013515651138
"scientific_name",0,0,15861,129.013515651138
"seafood_frequency",1,0.167898620731535,15860,128.845617030406
"seasonal_allergies",1,0.0117978731502149,15859,128.833819157256
"sex",1,0.170276722701431,15858,128.663542434555
"sibo",1,0.00128374538974185,15857,128.662258689165
"skin_condition",1,0.000483312224275778,15856,128.661775376941
"sleep_duration",1,0.00453244176290468,15855,128.657242935178
"smoking_frequency",1,0.00956745489628474,15854,128.647675480281
"softener",1,1.27034549848304e-05,15853,128.647662776826
"specialized_diet_exclude_dairy",1,0.0211180963769095,15852,128.62654468045
"specialized_diet_exclude_nightshades",1,0.0254057369891143,15851,128.60113894346
"specialized_diet_exclude_refined_sugars",1,0.0406027326217213,15850,128.560536210839
"specialized_diet_fodmap",1,0.00353118068156277,15849,128.557005030157
"specialized_diet_halaal",1,0.000812540721341293,15848,128.556192489436
"specialized_diet_i_do_not_eat_a_specialized_diet",1,0.0756571713197616,15847,128.480535318116
"specialized_diet_kosher",1,0.047384025964476,15846,128.433151292152
"specialized_diet_modified_paleo_diet",1,0.00736238251818122,15845,128.425788909633
"specialized_diet_other_restrictions_not_described_here",1,0.00358937419164818,15844,128.422199535442
"specialized_diet_paleodiet_or_primal_diet",1,0.00134270281699855,15843,128.420856832625
"specialized_diet_raw_food_diet",1,0.0322567026409217,15842,128.388600129984
"specialized_diet_unspecified",1,0.00278548198892281,15841,128.385814647995
"specialized_diet_westenprice_or_other_lowgrain_low_processed_fo",1,0.00702650292947737,15840,128.378788145065
"state",1,0.000503835899053229,15839,128.378284309166
"subset_age",1,0.0255503711572658,15838,128.352733938009
"subset_antibiotic_history",1,0.000415984944282854,15837,128.352317953065
"subset_bmi",1,0.0149821017434704,15836,128.337335851321
"subset_diabetes",1,0.0122480200265329,15835,128.325087831295
"subset_healthy",1,0.0933660065827837,15834,128.231721824712
"subset_ibd",1,0.0149706764377981,15833,128.216751148274
"sugar_sweetened_drink_frequency",1,0.00530018927162246,15832,128.211450959003
"sugary_sweets_frequency",1,0.00377691256110779,15831,128.207674046441
"survey_id",1,0.0353967886730402,15830,128.172277257768
"taxon_id",1,0.01982245440513,15829,128.152454803363
"teethbrushing_frequency",1,0.0923602008656133,15828,128.060094602498
"thyroid",1,0.0325073042535848,15827,128.027587298244
"title",0,0,15827,128.027587298244
"tonsils_removed",1,0.00246231900104021,15826,128.025124979243
"types_of_plants",1,0.0194838557628714,15825,128.00564112348
"vegetable_frequency",1,0.0577810978366671,15824,127.947860025644
"vitamin_b_supplement_frequency",1,0.000912819125758801,15823,127.946947206518
"vitamin_d_supplement_frequency",1,5.59964887116848e-05,15822,127.946891210029
"vivid_dreams",1,0.0692345307202515,15821,127.877656679309
"weight_change",1,0.0274505398043203,15820,127.850206139505
"weight_kg",1,0.0407022235647645,15819,127.80950391594
"weight_units",0,0,15819,127.80950391594
"whole_eggs",1,0.0616286419203504,15818,127.747875274019
"whole_grain_frequency",1,0.0172184614524582,15817,127.730656812567
